809hz,813hz,816hz,820hz,824hz,828hz,832hz,836hz,840hz,844hz,848hz,852hz,855hz,859hz,863hz,867hz,871hz,875hz,879hz,883hz,887hz,891hz,895hz,898hz,902hz,906hz,910hz,914hz,918hz,922hz,926hz,930hz,934hz,938hz,941hz,945hz,949hz,953hz,957hz,961hz,965hz,969hz,973hz,977hz,980hz,984hz,988hz,992hz,996hz,1000hz,1004hz,1008hz,1012hz,1016hz,1020hz,1023hz,1027hz,1031hz,1035hz,1039hz,1043hz,1047hz,1051hz,1055hz,1059hz,1063hz,1066hz,1070hz,1074hz,1078hz,1082hz,1086hz,1090hz,1094hz,1098hz,1102hz,1105hz,1109hz,1113hz,1117hz,1121hz,1125hz,1129hz,1133hz,1137hz,1141hz,1145hz,1148hz,1152hz,1156hz,1160hz,1164hz,1168hz,1172hz,1176hz,1180hz,1184hz,1188hz,1191hz,1195hz,1199hz,1203hz,1207hz,1211hz,1215hz,1219hz,1223hz,1227hz,1230hz,1234hz,1238hz,1242hz,1246hz,1250hz,1254hz,1258hz,1262hz,1266hz,1270hz,1273hz,1277hz,1281hz,1285hz,1289hz,1293hz,1297hz,1301hz,1305hz,1309hz,1313hz,1316hz,1320hz,1324hz,1328hz,1332hz,1336hz,1340hz,1344hz,1348hz,1352hz,1355hz,1359hz,1363hz,1367hz,1371hz,1375hz,1379hz,1383hz,1387hz,1391hz,1395hz,1398hz,1402hz,1406hz,1410hz,1414hz,1418hz,1422hz,1426hz,1430hz,1434hz,1438hz,1441hz,1445hz,1449hz,1453hz,1457hz,1461hz,1465hz,1469hz,1473hz,1477hz,1480hz,1484hz,1488hz,1492hz,1496hz,1500hz,1504hz,1508hz,1512hz,1516hz,1520hz,1523hz,1527hz,1531hz,1535hz,1539hz,1543hz,1547hz,1551hz,1555hz,weight
109.8492168585112,96.31408509176683,276.9645849210838,199.49779118147703,160.58077954172424,529.479097820495,856.9087808146766,71.3392656055218,1078.768737563324,550.8991223513561,1255.891144753738,227.98088856544962,607.5185242254903,11.125498228137971,347.9133317462543,133.31416081676738,62.692220584320474,380.3494014236792,730.9838263132796,135.62813766937555,174.6059003370572,204.7290020530309,117.72567040649724,613.2303805197031,44.165105144161245,144.59257610236273,46.99598958517609,141.291492084607,210.47383068071153,235.4635346023527,163.78695391179036,310.6438470127768,695.2201848130057,33.99648727614057,103.60215637445249,32.58313331203371,257.74650560843486,249.51147800660863,117.68420415636677,123.81244427427944,99.43302983857261,134.88847369102493,285.7650321950332,141.695412729543,193.4666881897175,318.5441984678824,360.90630242062156,571.718743274888,553.1131048610597,243.04900692187908,424.7704430524639,262.3030863669449,72.17109517451668,28.238861831203142,298.4528508917932,308.3000618755216,1035.4174258586665,370.39099647223065,256.7522644540264,129.14909579563817,5.115509938471102,34.21309542020897,161.26092746502547,361.25442137748206,189.27508872970998,52.344200218404104,0.7753959968562312,300.6259702681714,717.2292609637141,265.8581392599403,740.9825998515412,832.6377102837279,49.1832724418057,7.889149777995351,10.067143654256592,5.205915525986046,156.51397416698074,173.75351975184236,111.21368869703304,30.10447425271934,215.6266160712034,10.01260823317574,224.80812319528974,19.80880477014107,127.32799922569451,150.10062133409383,746.1356412275269,54.83483258984944,390.63403354588553,12.141808923549071,198.25304198470047,112.10192174532871,0.6828798950911545,158.4629630213744,170.81487577373576,550.1811932776047,152.9831358863303,248.48153738419222,424.2178327031868,622.1927231356146,1023.6983081323688,58.05464759710143,703.317261010073,233.53850371838428,480.98509151058147,36.95802577508545,47.84657845622662,201.45929358646043,50.76325583577135,253.32597054711437,485.81158519167025,718.4329735958315,102.83058784989825,126.57968385463863,49.07943348570641,127.40230914401674,339.64412445630796,42.77315309033756,392.47143506677764,266.17139445615345,420.8975805717151,365.02770268188794,124.67114113683222,508.5432846855097,116.39021720662662,43.77247638563436,65.66107178071954,103.19760025828319,286.65204315730705,587.415375023273,7.405841080948168,190.18657828111336,15.560380022016174,33.92359882655622,71.61347410689747,139.79422247132746,437.8674233229008,310.61156635302973,88.48129188925944,81.39966030609402,78.60199967553763,273.6877280349964,96.92612163846559,463.20259756959496,193.30478409833532,39.19378404697958,468.1454204824944,273.29318444158565,26.338489031162947,359.5440942149085,443.02376241524877,84.64116657555498,138.43776380572933,261.5947280140866,114.49763438851431,162.90602671493895,223.69319291830766,159.98435601137805,2.6386302286556464,132.91209522503163,27.58205592124728,214.00542312965882,53.32322535810252,561.559147146105,146.14539346273486,11.700388904143118,206.93993012086747,513.3647414895236,51.15265562502416,89.87578394928072,1.965107214754719,155.3789798709289,475.803709206467,77.59258450814039,240.747733634986,15.210143201632635,17.982503186448593,736.8270961526721,290.61347695903896,608.177213298422,71.53904887967792,43.47719007192437,398.9976694822695,76.3649840768686,350.2591525834942,181.3213460585357,874.1242132308109,455.99160856947464,299.57973047542646,15.179886912529518,282.69414001005896,0.58332919992696,19.6
1546.4178517168416,294.10516063862315,3804.8699489388255,7050.838609330963,1618.9623238828553,747.6420476960586,4440.208430618279,4139.018063750038,1301.2119284909372,32.839443934998044,5722.911077313821,9579.348741837199,3139.9304067382454,1871.317137825823,2158.6120424057476,8153.19947451248,4082.514020601799,1172.6475717556455,613.3411250344493,6534.721511179439,8785.42627850908,2416.0288937859427,491.02159160766706,2572.3403600444026,10392.900403877025,7269.082050986374,1254.6134167929945,79.9696100070136,5106.09321955746,8517.930018992089,1476.938750489186,202.84976142849376,1680.7146369104726,4615.7150804196335,1286.4083280786192,515.3891310979973,3042.955131792403,5320.737023309102,1895.5545527372979,835.9486843051197,1643.2870070220656,4739.9260464792715,5499.46465643911,3109.927770594134,3909.821222790289,4399.401666403908,4797.560888538224,403.7135273179506,1038.91651152416,4284.969276574102,7341.510736342394,6699.347749501524,525.9308880932176,7718.0344480043495,13311.639075099218,4229.957183072602,2744.9026464197495,5584.965106083439,15831.95337406405,9740.876312410932,2164.8296949856413,3748.904077294121,17019.333631190962,20668.57282510693,8809.940552448314,1635.5004511059385,14649.149599059587,37306.7262516865,17278.461852825592,2187.2177481836525,14195.312713426258,60867.59400241201,55817.657640276455,16754.524911021173,14621.55332982506,159215.05957439088,284126.6668619521,356648.7540597634,203082.84172553694,70998.8488189925,12394.879583547816,17884.67292656227,6262.283229844471,28075.585616207725,246722.0580017396,677874.6717728416,972277.2752413362,913576.3952183455,524002.37331009,139479.50561863964,12406.845763530164,63062.93232634582,106095.41925522091,57475.13966966469,31270.105614845204,31321.417607742296,49337.51161121416,59361.606021799336,26779.79386632335,30720.271917888967,33901.299017301106,31779.080833263746,17363.530051241327,26800.662978497923,25530.325871683195,15630.031742916526,9873.12650148389,10477.246962965084,14680.816069534083,12462.407798776416,11449.070415814054,11165.507556994338,19463.18930004295,22373.150778355084,15065.13329247899,7531.163526815059,21947.89630242419,30023.478829177897,26894.359566851115,3481.3702159519235,3566.653352664327,28130.633274301694,48420.81665132872,96518.05593962714,198089.35296207163,426056.4848318079,635607.6522988828,752583.117092195,549820.8195557183,195858.72046727865,10823.7147050641,108968.32498496193,312305.62364407023,243070.5525682812,57707.79477445006,162669.5958733062,863385.2890713727,1636103.3671253354,2180461.02341642,2068369.551866204,1738152.1978058347,1125095.8619937901,564135.8941129667,101590.83416282655,161996.63856403265,513775.3720374799,654169.0402051676,304007.13934998884,26141.413773050852,472355.4741552027,1055919.849754654,792552.5693598439,172552.93033554818,627489.9077185281,2221968.149573999,2760509.6994941146,1048885.198238818,410918.48785657575,7158671.74033524,2.2029189670575865E7,3.736658733587619E7,4.197707095689187E7,3.2379920240476247E7,1.569153648312622E7,3619996.951930151,105161.70920307437,1377323.6856908025,2307272.4089811635,1202312.3005807006,183473.1178178192,163080.41558112204,574322.750852981,428124.84945701796,97880.05267084109,47009.04450767957,264333.0983158731,291760.64965246164,101026.8033828482,1235.4906915563704,103151.40679583867,170588.69705803154,75175.06364048523,427.2945725521752,68935.89137982784,137463.81567956714,85836.88380172505,8449.688627967455,31122.35561101787,92980.62728908997,61461.93575069118,28632.219581255322,5530.751940201616,19.6
1934.8060670607224,1089.085027619706,484.0023785873298,1827.0355596433994,5076.823052950748,2044.7605170192505,438.40525870943276,3710.3181581090107,1180.478437018549,2029.4406768247052,6.553326443496982,508.6173958520785,482.9186303689255,1118.5560579204423,2648.041961691503,2481.9005053289075,1589.4874135707228,2765.3278887206634,1209.8324292705224,1443.4942513091792,1109.5792922906776,2115.079253023954,1856.6115172925092,1191.5741398246398,3193.964876422885,601.6814312661352,1672.2417426866573,281.93056969070483,1910.204532839121,2009.306040314114,1547.8038466456471,1823.7329305367277,3517.746997160537,783.1232080073081,2763.0066149078384,683.7090369830796,2916.5888253994617,3475.5478672262584,242.94908732220813,6352.8122177070745,1762.6519445272197,2946.318058898568,4857.299893939649,1483.84471529677,1846.0290775583449,2204.0922074349983,3028.1913692261496,10697.930076284456,67198.6991197647,4972.2392529348745,1223.4539395986192,1078.2369545579468,5054.0815440986535,4737.066856989807,4402.7958680298125,5675.282610364844,7223.266387545735,8716.910066070463,5709.226521693124,4263.838619712622,4686.469098380412,3530.2368470703036,5216.661338077935,7124.637554723633,7254.228255969467,8647.598436660357,7962.541243997139,16290.034281158203,19966.537029246298,12353.333410659345,18434.77429949898,19222.798328416276,34102.93845039033,42705.58913611495,57876.415597531064,137967.6316108379,335350.4943725957,2824391.850326122,6377397.149143422,406056.1295695215,179604.63077874278,89965.97579972383,52613.48058692707,92949.07968238142,60211.49666621813,556929.9365329691,4.064304677063212E7,507887.1207019256,18727.68405222623,13480.115070889191,3486.4761234510725,1970.6067705104247,4867.389944589914,2837.858683617315,4713.466543683071,3182.709163739312,363.6045990657414,1303.8377083153168,1473.435668408046,340.8340616328618,2366.3699961178427,1870.8259452035866,1660.6903818540138,716.4161434120222,769.7155966666073,127.25187168474037,1987.1672388642,1319.3629125307932,281.8483744592236,341.6636044960463,2453.2772437220297,877.467784538717,3607.466082646499,1766.578289466278,1227.067115239954,1079.362149127481,4658.013680337342,293.45299581579764,1188.0534265778704,1341.0646935163968,6742.952877886775,1378.624181780748,401.83184399335977,18929.672487690557,360160.5539731734,1.1331686448012259E7,772477.2222478967,43630.694091291254,26567.106208633366,2332.70444349967,571.3905829615737,8782.847821149808,21361.867516893046,59727.17624677918,446593.86612860643,1257519.3670888501,5.0835665030250624E7,2902246.5168260825,68907.78678888765,3678827.849268199,2.5305948315033965E7,4022258.8036780716,1685645.3229517068,1365332.4582698892,155737.10874937344,220955.79350548913,248361.26021402038,227124.29017179628,292787.54762302956,259368.25897115946,347722.7731502605,374303.69548294856,425492.067438948,588369.1382124051,632845.9718196419,926310.5767550499,1249909.327953069,2084249.6366433918,3686964.0766790784,7407615.766562805,3.0475596821005676E7,1.5999806720526314E8,1.2661833392266605E7,4817213.666689293,1978638.4404096545,1257955.1892294788,717860.1297516873,374352.3982614207,278043.20245655946,251982.0454910701,161300.63414239266,162448.65508883703,78355.72544935146,81329.01929822132,61622.90754096768,38786.31847242706,47676.00237197071,26324.63488442189,17701.047046652307,28254.097537886068,20253.729691066426,21700.074906483856,16305.914883696938,19920.527694437555,18640.417571691713,23625.499853905305,101127.94332578056,19905.106711545326,82.3965509222718,3749.5995494604463,2063.784060755012,103.77584758957201,19.6
151.0819588725173,753.6934304487157,365.65704000608224,526.733016019382,295.28277219720195,219.40546397213706,626.9178307923055,224.2267625021868,255.93594709755297,29.542360034318072,43.34749237817367,16.47602726820981,98.91078770480485,1111.3824845384734,176.42273244130882,768.5295464300045,337.60326575364354,3.3155437613151046,811.991526844939,502.17128869399465,672.0330225878918,184.94863228769592,41.49161542882439,526.0266507025984,202.35096932285472,562.8073585729743,1499.9902578735014,203.31536991182722,589.7470005228397,402.1239351854307,289.13161107122625,421.30083965410734,79.91250565876206,1064.8393011513847,1168.7996315533126,274.415547849819,497.59659616146274,1404.440279573043,293.71623558742766,918.2602247355147,470.549365354274,1311.7725971034733,950.7397918569259,894.1972113141853,2519.9943351435763,623.4520257791721,2710.0116353215935,5125.996073769722,25171.272280805548,40160.727689990585,1384.380301418253,2068.270851265375,2598.307880706791,828.0523861319118,209.21239896906218,87.03148229202789,154.32416642485495,1525.7183040571574,2284.7130453804943,1460.146074652558,1853.2134747418309,1702.2818092960965,1749.1543550859733,1207.0164365266835,2573.8497937783113,2634.002527723722,4153.384813579163,3928.810011795861,4443.877500338789,11080.972898524076,14522.01979621701,14089.20195928793,12750.814555045596,26364.039834748102,33916.04302811264,70651.98929595453,200244.55955340783,954083.4681790828,3143546.6264408743,215680.7277513081,74359.7707171963,38150.04946242056,31702.90014828267,24799.519738724215,47083.8852276556,172961.48080072048,4.5382108624063514E7,464640.6240661846,110136.86327509368,49272.523529168524,32022.248700754622,20932.60473107107,14217.718163237058,11432.115731059985,9791.94355109561,14042.661963725408,6874.139481557291,10426.002386372702,5263.201313421482,8380.137959888725,8699.492220829005,6698.486934345168,4333.947106280214,5607.991512793758,4976.01033808813,7628.321810234211,4184.4166510519135,10464.594360001063,3051.0801710059936,1597.1944765374517,4147.01478553036,7257.8654793378555,1200.3650046658263,4642.897647616816,7025.369076332962,2931.2762949167404,7994.438622256961,7806.463870846691,11106.35969652721,13304.285464235023,10178.67404824378,28129.444413710367,45265.95095753572,114277.67950028487,316122.5889852625,1310067.7918871774,1087800.4934745054,88854.68977195841,41562.83251733226,38411.38408476126,34226.74781475737,32559.165158875076,49338.66497110652,52677.73854506749,90959.91646988459,9677972.878366198,4.548140058905966E7,2934327.937228543,735060.4515810974,605972.7028041563,1127384.675185478,6241617.728477458,499243.3882615208,34502.42431116992,234231.9231293151,12819.78353941822,1063.9669381257459,1405.2289121015192,2362.435508435872,705.3149659015628,1487.7861592004863,663.7111279239303,195.35543491085423,859.3992715824588,2062.1196807160363,1541.948451549312,3315.930922245915,6654.663348696251,14681.97753305381,34366.32044479073,157765.4461685127,1045416.0990207975,171384.08896649178,55500.92022875665,29831.502500235933,30640.747010731266,19706.0819170143,13993.521336279591,7405.041077944976,11305.961476370376,9778.46914031376,12026.102910204658,2883.784506148641,9666.757750840003,13527.601681877159,15389.62850636549,10799.361650337667,7218.848641111008,8429.074911200703,3202.45388984915,4103.808341149356,4085.415221639812,7940.706467454433,14568.573034910718,6539.662367528901,14435.022573231008,21982.102236457107,17077.660704331167,10696.82452623151,7889.936478512091,14805.858584371816,13448.012906782642,19.6
219.44369543466533,532.4461645533733,1642.8005255598375,681.7594287952033,1039.7594067404884,1083.4251510199829,33.095435908847634,706.7434430375519,1135.0495226155042,1428.1088146402737,360.8232534834815,1333.0709048968095,2037.084534979693,351.3143226203027,78.79776472441048,1350.3191962272745,1776.0803073427296,106.03088211254415,960.4533988172792,314.7830484379757,364.9449719256668,875.3318111158989,1660.1160684781144,1124.274737071487,1521.1940865839172,1911.6348429529858,355.61938715581647,273.06757095638847,837.3888097105222,1264.0445884441028,847.8661205620126,77.70910740171189,433.2673974360424,2371.7689731873365,178.14181447845476,111.32214733581881,84.71957779501832,1307.6974333585617,191.67615689137168,143.44873383137258,73.51405072062913,483.757197112971,1196.7388585929534,1504.0322021469112,699.8842901061666,3520.355961225729,689.368427189732,635.1276806280831,54024.659622259234,697.7779847063877,755.9349363423074,301.0752683024864,763.5954905062276,76.40986582213681,384.6468723138599,172.07274912606442,256.26707249979654,1167.4086448271842,128.23080050197876,1276.5087993491068,1199.5711438875119,181.72249389540698,316.95809214155094,4187.046368182288,639.0586315596423,1093.9929950952624,2114.4959951968,1639.3683036958353,2948.810116147799,2679.7326894674693,4675.023249186719,5597.0255321314235,3818.2012509711344,17969.926905441036,25455.588862099725,31398.846217147195,137209.76629350224,1139655.8483646307,2025645.5134162118,229726.33385036283,86426.68960685666,62426.15859301422,56861.327857842276,67565.59176447839,81163.20829417094,290600.3511853243,2.561006613252057E7,168211.21858192317,25820.498428723735,16093.502028757448,10113.804786631043,3078.2930335723854,926.9943125335856,7689.466931106997,1547.9512462059859,3177.2593388619157,4666.97608302825,2250.9148663308615,4047.037047763965,2361.3173234793926,3903.6680996055784,3310.9405984720906,1561.865864266082,4375.504860732229,389.6229476238629,2726.501516040644,802.4364483064976,3601.5994450971903,5693.144331199477,4000.5067955947993,2234.9982635039614,6586.808652903348,4794.359553448577,4221.424124019952,4738.604822008185,7651.5571211206625,9184.963142450039,5743.941358324525,9234.287723013978,10258.663539676962,12756.350069085594,15403.189896027809,16277.074521900708,29685.530611365197,105572.7641320981,548354.2199404658,1017.076305626542,6202.068038500587,24542.748917447636,33131.42894529763,38764.765102468424,60975.217978604116,117394.65929728108,207903.85690008567,551221.207564617,2550244.9953540806,4.465729064411484E7,2013998.541257279,399457.4838164166,302260.46614799264,931710.7512842449,35048.32042205539,44568.15758879495,96402.93921662783,37903.97229838018,40633.1886020036,28010.40355840192,13603.913617419452,14287.22339494713,15070.437610587824,11259.642241933174,10139.271660152952,7755.200248782084,8129.613950601112,15830.746072181391,7585.232905288973,4384.427242957639,7217.9363883247315,7043.436368981431,3576.247160815793,6251.092552850785,14350.279097977735,7045.89902120248,2734.350980361526,6300.576564415709,6435.264657281976,2591.678750672163,4228.812180447398,2064.5185724522157,3910.468458429955,3698.891758574126,4876.86101041743,3660.4085670745208,878.2886477718923,3424.9491021796366,1748.7468279552422,3084.5885441046717,1883.9231144526052,3718.6427073304953,660.867979290689,7906.089801038396,625.0941273173592,1084.8272799553283,3238.5668984983013,860.6197255395688,1783.480073260992,2105.1265199692766,9194.826679402637,3727.441568274623,2141.57200416696,3126.1954915469587,5367.948175625372,19.6
106.92893977457636,1569.3196473364956,609.789744267611,4779.514620504928,185.76216320786324,2214.666461534579,3855.979064960312,4013.120551841838,1713.0808986160937,3289.8871667694375,3576.1576990519998,6696.0789942877545,2529.9230262347683,4000.7951595725553,4059.786728361637,1541.5683446983107,1949.0706882160455,3984.3922598950626,5705.738563744292,2064.0500794793047,590.0682994239457,1261.4624904358495,4893.640486318289,2030.8255059829771,3990.6864654460537,334.0673090627041,5274.4837780207745,1292.732348829059,7155.623529769646,1220.8103944743423,7831.06830161308,457.5995275336406,4236.138817519757,876.557504989822,11467.832129838931,341.03841076178935,6326.531715957258,2387.7498893633565,11891.986666626599,230.9414491398882,17566.23018754598,324.1342462210222,19510.21313768226,1131.1141730687511,19164.83122504851,1889.0085411436664,35100.52235155523,1070.4127648658623,125118.08388599557,10375.134515240552,11083.132271536027,6813.430636825974,16740.6411652347,10553.665339836894,24938.61355667543,22089.944606409215,24120.698591402772,24499.1865399178,27772.68283685953,33951.503777170576,35208.49318217454,38156.65316625811,36564.0325686175,59607.17237352947,25511.048128044215,93423.46974581697,47784.24555175986,140299.39427357985,46691.14526825007,226826.94160290176,71445.74826350823,407911.8977579699,92982.1439972283,739105.3284370267,226395.31097000555,2115932.364868922,971132.3518005316,2.839485752922295E7,3.497238060804298E7,7691110.83138494,800066.6112170947,1098331.1344471923,268155.025841976,196372.50488707994,188438.27509104606,565508.4897117754,1.916934997742439E7,4803735.5013687415,226045.0124789157,1131046.9804880074,6939.809908653971,726386.3506335609,13801.582603492585,564692.7463018978,43993.01626063633,426853.82545133366,45783.25777878968,367858.4536257772,52813.030824369984,327661.0380253543,38886.09922042972,260132.28432728915,46623.59253151433,229604.84518055362,58369.3216198504,233647.21408794983,59429.75237237165,181946.22960111778,58883.886077445204,187722.3540814161,71285.65803463363,190561.2653427126,72278.40015322698,195040.67556709348,120146.2807746212,205103.422784869,124512.20914692922,198247.46494421703,137419.84721501506,190828.68200302543,162396.48712331153,146776.07697209908,170933.80047555035,137067.0847658356,457022.91977935215,3534041.3387384103,3150105.0546736964,1102910.1878514541,963332.097841309,474267.37516088807,817763.9368643176,334860.988964756,1303817.86810668,378215.1174494004,7624821.459791968,4013601.355504981,3.2265863575545628E7,1.3364151339980489E7,1186704.5577236223,5086746.428031259,1.3099031466493022E7,5479871.189302037,131055.54453911081,556985.9800807124,31258.354325179847,442240.9619099567,320136.0749666707,690997.8549157635,563007.28312812,835230.8308339118,977470.8236978486,949839.4539023958,1213252.1079558104,1617509.21900967,2260181.915894873,1760038.175754337,4110011.04574433,3624886.55923337,1.0930645512020823E7,1.1557809481930558E7,9.916638759617507E7,1.798892239587247E8,7.233411665782326E7,8829536.24182452,1.1156385997529984E7,2807251.2359189196,4350151.055173909,1020037.124526869,2667558.1225041896,795163.0498395876,1190459.7276483,308743.8379657013,1094265.134213531,264336.91478822974,683297.1426512699,198481.26564577763,533169.0804455641,134750.73392350227,367483.1782980323,147592.9120602638,337296.72361380776,74372.20157747589,343385.1117885816,100003.35590074182,225301.47779392346,77670.28413198731,292619.23271610105,255468.63416830328,34562.93030530633,60281.58180616723,73313.5407636173,70818.58290127927,19.6
806.5237560759639,2191.438553924947,296.7452650377349,1054.5865716993965,445.6768574376601,1701.3985616796556,862.9035176372347,151.52240437541414,505.1707999326893,344.6992357021664,941.9652563777685,666.3291882789398,4630.788962597905,1104.2801017409608,1528.9288822221304,360.42714694556713,1548.5832624600139,5175.716329025834,1201.3023507397368,1987.982232988156,4930.7974519581585,611.4863880051673,1657.303725094866,2087.437120647822,2826.5563774778275,493.76948195399046,758.5418947169352,709.3591162599159,3090.96146305143,2482.916169484263,2050.712228412138,678.3916582021935,3017.474173029021,2061.2093641257793,1264.6758446073418,4262.262081750086,2940.009434183303,1614.0387857435958,2101.2452717758447,2914.706658447783,4994.94290458499,3187.9609688632054,4207.8143736751945,5259.923773297371,3691.6495991421116,9082.084246550558,4058.1594330082667,8417.470321598872,91848.68020647793,6692.7559575959785,3326.056237573115,7220.85401175185,11479.870496443065,8074.910590597118,10314.855837668669,4923.8079176944475,7938.047128627366,11723.933222433556,14286.244109244393,9648.293162082486,18978.63405582198,14242.640869223693,20496.717537764656,31149.86565558644,28107.91585439785,32513.542204562604,45217.94837919183,43006.966685341766,82199.253619964,67349.78384182946,112992.61687867017,151306.8017059055,198161.38922408168,256088.85228611552,497971.3055572413,688603.7891275989,2674401.7411819985,1.5252839278912349E7,8.462982530530524E7,3606482.840483205,833588.9020632994,434005.14901270886,207717.5154974047,146100.38326841916,40150.26988847487,11388.315392192178,3.604378624320663E7,2315137.717925632,285488.4984170592,165102.16331067582,74723.03937484258,62926.129013861384,55104.94399400007,41887.74056567139,31614.531205334122,36376.10086938444,21542.123813806033,23235.886016773973,24774.811915541475,18916.680138455384,23556.60872776883,23082.489261653023,18178.968771558004,11507.46650535487,11020.177204171503,19045.220012445705,12340.219773832072,18021.471772709378,14473.186157042479,10102.575477126758,13919.9746691839,11913.399292349503,9572.749425892143,11000.407370823943,14952.975409538183,22689.565937132167,16084.879449587801,20337.3867495148,15600.92271537084,16624.11926647635,23564.588924578682,27130.93039340152,38262.58338119565,123057.43609575805,1326575.9959690627,4632602.973843954,283724.40543278906,66688.98499602632,25141.682318275547,39421.500800277434,40342.894428268366,81901.1260129467,123752.04651902798,344323.45469175,1207901.5513652028,3.0806891836909685E7,3203855.0038547227,1049713.457256677,833935.4710059802,3120235.0085619777,1.0199255056887671E7,316941.8985456705,30201.348131770676,285723.5107650142,75054.00241572743,13797.15885397405,8744.193810596984,13156.15265292815,18968.686553259322,16043.593408681838,29178.653107171915,29722.585718359907,43101.94657703747,57905.45846592809,82828.50128005774,106706.6313054544,143043.58155772786,198298.9246378272,342419.0912565746,954268.2350708542,3889663.4837220674,1.6490963721755818E7,1116845.8630321766,598110.5329566573,304512.83729671955,189063.2529558349,121752.09613763732,91377.59635681922,70133.39386011992,57174.88338026271,41522.59667145595,27089.134084759542,22550.49095970166,21050.757333866142,34242.69111229327,14790.731042824522,17031.485468152376,11247.44710047637,14384.784609489276,9010.54759908534,10246.538476234271,10549.408299672958,12455.248854261292,14443.51608001734,12116.520005685083,22637.545056293122,125164.31178725943,17393.822575450013,6328.375625683551,1234.6829523138967,4030.743707203384,1781.2746160522297,19.6
207.99807452668887,2377.6738833286186,1893.193737422838,2129.4205765091087,313.00644258562556,908.7638739546279,1449.5688364404039,31.449760761063203,1238.3465309100475,665.4589572294965,361.59221357863026,1105.6339412878824,918.3449013541675,779.1085221734655,2853.4002356032215,245.7341732899875,63.80410675720495,609.2293823683561,1251.0140833235896,2885.1028629048096,137.95498195531425,128.42416839590302,220.72004256475853,480.25460031637584,1079.795656377141,21.08537111298042,1131.5524690888572,139.0589031609916,66.69151959621949,483.39452183109194,61.16547541344965,153.58842634953086,320.23333605443617,589.698120470614,2497.121739828581,38.34891983322442,1142.0985305125262,800.9772512005554,1151.266901735716,164.56545722940336,1912.262619328299,42.86452430577828,1126.9605863584304,1704.2380719465457,1133.3886222872768,64.68242115588754,698.9389627210116,5681.639408372697,49278.10571587151,21058.13990288271,3641.7084981322946,515.3400857360176,254.99767006780013,385.1134928883313,860.6750966954498,694.9685644591688,83.02799235255446,69.5901515500963,316.1061153795555,1143.2145736667808,402.27805054140856,60.72260442484347,239.48870803611348,585.1773882453347,1071.1736218811911,4371.437345710664,1486.1682286008725,554.047648409966,1586.1227413018844,4676.876800450583,2364.575009291551,3222.073930056267,1777.1123758542064,4258.48461433022,10393.094758330979,18029.049909160443,75420.64375175076,759398.7942742811,8885879.480888564,94202.13393695632,33460.127798441616,16936.40248929712,7208.377148858271,13251.749318804083,4402.6166990609,18005.334403518642,2.0608093000358984E7,3094408.6011794857,123785.09893455396,12157.182049057972,1060.6870132023498,568.0567898843794,681.400364157833,377.27514509203974,414.2916550126194,53.97174435412238,274.86731267399506,1288.1612985516406,339.6759893327851,24.635965378926425,289.15624809147357,99.23624633943822,49.99059874372537,106.72431501140522,113.82660260337074,790.4006709443311,620.0733883391989,397.82089596805724,22.943897690674454,267.99683628862425,332.68891845666457,1000.3563421540063,188.51562943166695,253.97657027794668,389.2338358607793,529.2223914852398,1941.0292885379854,474.91168765409304,448.8218994017108,320.0962218354008,2421.767483954172,693.2424594677883,2201.09036893247,3086.336869864841,53222.40974337904,179532.18043423272,210182.5877064657,57876.35947218212,30605.951951393745,33425.23990790554,31390.366253354954,45046.58283402091,78887.56765370442,181998.73517345486,998793.0121851743,2.1012247777975444E7,3730050.306668844,418495.4038074475,167647.93954436982,95855.95954160589,28901.263478448123,2311037.2458013133,261150.1044192877,21937.60309485754,87594.7193587207,21412.27577865053,8490.762632305446,4707.3921917742555,7638.863912981658,6487.593553213197,9222.359673010213,2670.230946231858,10632.702348281808,8795.131089442464,4915.28804481173,4487.95480582797,9796.396523193576,12501.213348189296,10887.701235590703,18682.82815892151,30065.746016143145,71627.73135902786,27822.811194601516,3784.096288404992,1332.5930412840125,1216.4038494034157,91.22392790706989,1170.599909255623,3992.998616449076,1270.4331377407223,421.14138340123,1554.6393446513928,2.2849276762179427,2500.8389337839017,1425.7486280614178,2036.322260029464,1656.1701892288952,877.2898039853455,1294.4809348976844,2268.4954460532326,1305.3660926570458,1106.8871326419228,254.97211695838865,2403.8105835220745,574.5151418277783,7787.406282141304,8236.124753554086,92519.80214662357,10762.089289492806,3251.966362826626,7059.67227574127,1212.392648535145,19.6
3068.7440768952692,1111.1052225239996,2067.2546072817167,1443.637841815086,8242.017387163643,137.39375924671734,753.2384246327207,5609.634537951502,1220.92337119142,5036.672831180824,423.37467233640893,1419.1919043209139,3425.8765633874687,1210.4042781301948,4388.825503984633,2111.282778502369,2164.183919253427,1079.3706726151022,1664.6828098288543,4301.917460985211,5810.96105390254,790.4910573921927,1035.9068607068843,3912.2276929097034,2146.147820938895,6000.026496747665,409.5243645246344,2132.9446709581543,535.0463691685019,7119.2411091959775,2604.028787343892,3485.2937307741604,3124.9335949150095,545.664978718991,3561.603436318868,1126.3325391071903,3277.3480650032357,4092.204399920265,1369.3545753739334,751.4867683177824,3280.306838825924,5147.396536316013,2510.797235467004,6405.6584303009795,1425.3077321723538,5210.012786282944,2536.6093291752823,663.6023839174616,30237.43432448643,13086.73572563859,11662.861001436413,5667.286008260303,3242.60642783766,8153.196853922185,14962.192763423636,12393.488866051011,7766.840193137192,3171.7752393905944,8941.539916582055,19539.189915937444,22354.655639849963,19298.68467421924,231.49076610811431,9657.382368871828,36211.46076890859,68712.7585874679,44523.559413042676,9228.18823916149,14058.789798927417,80385.09904336651,171512.48125683714,175797.26606878688,80332.80322295161,11787.015496047268,245367.31379254113,767044.3918961488,1687371.1873258778,4620945.343463135,9888492.03589732,2758133.2723216536,2224751.264949008,952012.9670260395,192800.30460991402,33719.89979343833,99329.12783737862,177253.81392753814,1.2976366747792654E7,2289602.066983786,222407.34238771544,168060.6731063482,198098.2649158651,188833.36824741223,75851.71818046719,26098.574808685633,59483.200191806565,123634.13045064324,172133.90138968485,115478.39756087578,34888.6450628858,28823.282468070123,53638.54853640479,68364.4422985077,39058.667424598985,15504.37901856817,16487.2826760885,54731.711669772616,63312.365919170006,51577.57919278114,19080.09005542495,2888.290697104062,26014.042756237566,46158.87006638014,33194.68332370037,13363.369467571789,10336.433710161937,32178.498302910444,47578.015322152336,57353.65652951217,17536.135644725717,969.3531419396535,39826.84564659525,58246.2776175281,56557.92417036981,57916.21440838189,192201.99706991485,852498.7311106143,584541.2282434533,544780.0453552052,388781.7644949984,145314.70759082976,83643.52211196712,268250.17404416593,429701.0604175248,200330.37315500155,194892.03922042742,1.3616716191929268E7,2272081.563449463,2211499.9242316172,2092738.8486879435,2503364.9507682314,1014696.8865373378,592352.9587689051,83533.28782209709,10985.0041755961,4180.64425006794,41910.692692079436,118963.76277423011,245649.64967080235,333372.05341855437,348669.99281728076,229011.3613933108,199770.50105599657,426156.61177090235,805124.1117742418,787624.7711648579,480226.1972482072,681987.4015353904,2482958.851767139,6565848.669262271,1.1955149995063677E7,1.5961409294247707E7,1.6508134351223158E7,1.3712837928902723E7,8849262.27326036,4086806.375153021,1210768.4128458665,420174.9610207701,598504.8911710776,811099.2831998698,506389.03570636886,157187.95289027636,12979.572451019681,128520.84606520078,224471.3939856223,212691.45311973596,102975.30517039336,25690.02645464164,40612.08369120463,84075.44922355855,71124.86392192161,30601.757620410826,6070.051401405586,32767.032984897603,57600.29757083686,94377.47809151743,57906.21979524437,78262.19675972304,25581.69978520174,1551.6450051497625,2371.5644623364615,1631.7943070538306,107.36405134569384,19.6
1897.5310385808855,4090.959920764612,4036.9935830725644,7197.349674472092,1152.9701978592211,4845.5084384683105,3163.8219906748354,2849.2620264874686,2324.0557806295997,3369.4914491581585,4020.7325827887125,1207.2322333067577,3191.6787165506344,2611.248695657202,2708.6514142519513,4396.92686653257,6336.006501919726,3100.420190892997,4022.6212193377914,3478.757531195464,1918.4011136510985,4588.946130606448,4391.905191746659,3417.4962158478083,4266.481954219437,4994.5005718621,7559.622012954049,2538.1616301911477,3666.5039713138485,3395.9469514978996,2845.6185137632156,4079.2298885483187,4704.275329923176,7385.190625225861,5227.280777548697,5569.933787687915,2872.8268807549625,9193.701626595051,7500.64499244318,6029.518485106288,7277.40022132429,5210.508391869871,20122.548650904573,10280.363630431604,8853.11466116559,5851.960558911418,8686.629484345016,14055.819609515225,12345.111655988618,2994.3175658,3062.651443266012,4681.758957831419,7483.226370309495,9988.797480729492,9209.098025740966,8711.761951190641,10228.150951600053,16769.8266433975,12282.668947744487,10518.61344760517,15350.027038130815,17157.72444028891,27479.796388698753,41817.953928781295,31086.030205178762,35202.4117676001,28724.962160581512,41364.40394054871,46459.27333733277,54806.28804419887,124842.08852572418,100463.97457880725,145289.09882496478,289822.5350826931,321957.44754038384,589758.2295503821,1400575.5636424317,1.5174903574412925E7,9.141642390849899E7,1270443.6319312493,563509.9446758258,268313.3616738983,182593.56634773532,68950.18519557522,107606.97022302015,519257.6003227816,2.9775354463223144E7,5661840.48518506,640199.8355549853,121092.24773224568,158131.61326749722,99162.49388997024,76261.35971437329,39033.623695868475,29546.168713617444,44707.454369206665,31198.645153341015,22411.309649009265,26450.163003421218,27218.416453309343,26069.30064381185,17748.6043210152,22499.22509671179,16869.605953682505,21519.20454020755,16898.452606553812,13991.94031064653,8179.898173730708,15393.755161276993,15137.759270044331,12862.346692393176,12288.39771920993,19809.1636838297,8770.414386497236,12053.236870151053,8891.093343441005,13749.624668497441,20906.378817924528,11114.580754040966,16188.356724921103,18462.18237508047,17426.565150335227,12857.754866192516,7532.54007581904,35341.28199187597,4632907.451123399,987013.297899685,219608.34523913343,164274.78625878692,117505.6089767192,210113.0573924043,208323.48832848744,345644.3046571883,677867.862551913,4283620.660898464,2.8520628463993624E7,1.6468025470622359E7,1081969.9247142968,605699.4331058358,1641279.4848541555,1.255942615429974E7,3674640.3424677392,304809.1510152712,160173.75309392612,20554.156355608688,10765.565193075314,9562.460191221546,29447.581978090977,20303.32503190249,17994.247500584337,33329.232202089275,50976.23704343743,74736.69787410791,87505.18260665177,98992.3255241357,137648.31688282356,246034.0420082113,306638.4385337251,597143.0494156879,1494848.645894268,7238002.933446515,3.546512002062095E7,5592411.154903572,971449.7346485538,513120.85510031553,168850.1635401274,103776.80211961057,61990.60045292052,49110.139864323064,27578.476139786035,13475.775144683366,11484.561898708032,16422.884005458818,9777.943618128082,5939.51583437582,10748.27479854246,13707.700832307004,7390.797640117751,3460.3636481333147,8965.861168630725,5917.2553538959955,10515.013186163907,4296.773258510051,4489.48014557129,11453.54369792537,7905.208903126214,24017.66462887766,162146.35375304116,10208.986190700329,653.420934412012,1719.4431797500279,4137.261560977822,19.6
83.65132268700867,480.9865529136124,259.7808052338958,928.2021416882599,554.5324481565978,728.6239414044879,714.4562188947227,300.79352947330443,51.4171768764678,644.5631879867269,97.59779127625309,1130.0391445322302,1297.0878073356278,1766.54344343349,3866.284117499319,660.7825268020921,872.2425620547692,492.9176781167083,1097.0579509131187,1503.996748068553,3776.2618863444172,505.9431883796811,76.18971265844613,0.6390532126208208,1945.9453684744828,2101.109856058209,329.42281382458003,1533.552201207291,255.18915830174063,1052.5103332793426,518.6325967288229,20.77252670520296,811.913595886397,698.0811322405406,1113.6490914352164,790.275276353023,321.12513726189076,1011.4208100081428,1331.8930636727862,4.9342170051409076,1981.0467135201902,620.2570575258926,373.5775993997936,761.4206956823616,1804.0781090354121,258.69894773730175,2057.055793147126,1906.2149007775288,18996.244478066095,8818.400152113618,1754.0474174700535,1069.1486714590756,3513.092788562195,203.76308032667723,138.02014671059806,660.7223496919325,2555.773402147774,1850.940261163812,441.7976491683283,1058.945924204715,1195.2604162033324,2004.7931293797121,3786.2415081207323,3492.618537390441,2364.174249590151,1642.5999449713468,1848.5258967203847,5211.300795051359,2970.468548028247,5601.145740700881,9521.510733612457,14592.624105075563,23922.492513347726,25371.610265063693,38735.273883372734,54751.65314118206,202619.71609120714,1451933.2097409866,2.776563470260577E7,434507.1803652927,101504.19104693488,61464.555166314996,43554.205214714944,36750.51781130725,57462.153368613224,110937.65077729627,3.2098644358486935E7,2692231.5742937513,71920.91557626339,15136.808428913835,8804.258073350258,14444.42849447882,7302.875843901524,3070.180082236568,922.1843605655214,1307.334357377736,2903.258985001424,2427.1693828223865,1367.6969382863622,1598.5029933642986,665.402623816734,1249.330492230757,2283.74499521509,1148.305117748648,51.27738876917696,183.47799043077896,1092.318040595084,1932.6397796771435,66.60746692378687,241.48826650959083,114.04530791160794,188.1857964099296,1135.2586780758963,213.61177470774027,14.732879227777119,3528.236581326433,2178.9987726818135,722.8057109636043,587.0605188578943,1303.6705962745286,355.1440337996172,1053.0303610208043,4121.684309081699,7990.552619622443,58905.980470603354,142088.8077743266,127777.04667251339,38435.11890995298,25965.720862804366,27887.560718812758,32744.36972034462,59653.396270745216,145140.35549221086,351620.77318163135,2016199.5782625447,6.6948773295346946E7,1.9507953612317845E7,557481.167438391,344476.0103075755,510907.0104106939,829328.8865153613,2495678.9204081343,194658.6319679298,48306.3912996668,11370.129780830717,2289.838003249262,1729.0384276091638,824.6373188662244,619.6595481076131,3232.288452268885,102.07128177889386,243.9542137753326,647.465240182049,856.656087739443,1078.3044891000181,1133.4526640778504,1552.3317626980568,4767.834020073827,7295.111446687802,13769.285618676666,50068.50150108129,379504.0247848588,53185.401343787016,11647.642522809672,13885.037341896466,4422.387119189893,11760.036616878686,9539.664634611985,2140.1199211177845,3757.424352103703,4131.207505259229,9508.312041124906,5414.825021628039,1182.1965988014204,916.2119221519795,6050.441996988798,2767.0540053511013,9435.366450743488,856.9806240619877,1777.0543522095513,6514.478944696536,1905.7935399590792,3468.16347628253,3546.209376314698,5994.614125043247,15450.160695050345,34797.98624937462,78291.12342489893,11952.075031125465,1339.512553141294,1448.5014668082,5386.82149801781,19.6
599.0483454621016,683.795333608284,1576.8576229097553,2533.7901178238585,257.2351802494279,2617.8902565847284,962.4208217046215,1078.668643895131,940.9411062423067,1241.6524308715286,969.31821568688,1686.8338336917443,1194.427472588761,1146.8095886211622,20.031155222022633,405.1788478449996,2223.1626035617664,2085.499478035481,2818.7334045873113,462.5625302042271,1968.0938440854518,411.3671759729325,2199.5531705031844,875.3226155560812,2032.2463612837241,252.72684772071287,2962.2600397214765,415.04161353387076,1806.6622169465631,71.40533000991863,725.6205667118326,1426.1920074286484,635.9917250322607,3153.1403707485356,768.8863144034526,1492.692009953873,2836.615293079401,1006.4939977602363,1060.3769188248777,3159.0968874684436,5750.739137887859,318.29579708649175,1935.7598344895257,2670.2222618320966,483.1978669433969,2972.13360156224,309.99477548354605,2158.4403262971205,15949.711547919971,767.7528836984004,668.8430675563761,4009.7066245117203,1199.583078099817,1873.4678106312053,2993.289880232266,1393.9938114414215,1717.8849059993638,472.3482824154223,3306.3457579758883,3831.0441802299447,3319.21895390254,2937.821046257488,2863.2928844776525,3862.0097866350275,4591.578785442907,896.0407224081109,3954.9407830022888,4259.859723787264,4923.424743579555,4135.916655356959,5026.532268063288,11921.538443750555,10414.208261700605,33729.051818086395,58158.05265702357,109118.90405506939,271259.4260720046,1784946.6656743179,1.9856348261357985E7,394506.41763434577,88254.90823819912,42769.7956065123,19532.544243898315,28179.915702524482,52133.88329497175,153276.34755065743,1.5185839455195505E7,1837651.2248529205,560059.432152233,84199.81886643684,37660.11074484329,29574.123646334738,15778.775707805002,10401.90146379329,11624.971336261395,2383.425101615605,4677.8648259354795,4717.425166476368,1438.7116307863,2451.344354268538,3149.629197145009,4843.4087763895395,4179.8982290465,4528.515461488551,3016.6933822255005,3616.0721191699095,2430.2571246136945,5633.991743593594,1823.7910191322214,3809.8103401472763,3983.3282994691,4789.097845869192,8080.504074878099,2679.934369038052,9814.242380543434,8863.874759508684,4512.354161322346,6253.986556465766,9329.695011655369,5532.998372127486,9587.057415118199,8625.578569477302,9464.425769372723,12199.147143933056,13703.163521923927,172354.16643987474,35348.6522547343,13857.30715544998,36769.31954055859,61858.57283478598,81906.76081837839,136191.87586897385,253690.08188525465,534703.9077009852,1692251.3332864465,3.374505393353875E7,9743796.66245496,1380823.803042071,354511.96731225436,224069.8914760687,452988.11381479487,58551.771655353936,79659.87052513249,26598.43216438667,89660.83656713586,41861.5539148723,25105.11214141764,16644.397405758675,15542.03418667367,13907.91320953832,10199.23655254707,19343.438514183425,10452.420964956074,8058.340189631115,5272.433153197829,2082.4305172220747,3491.0357100454476,5244.017996208519,7267.178986830614,3167.797682240132,1686.4552714569375,4505.962373207376,2043.2023320519334,1536.9246456817236,3003.8627186508666,2559.206954272515,1791.271057875336,4384.1538474726585,886.140126415037,1492.9686536711324,2265.96674432577,3652.3315148760257,441.3563460150656,1875.0116768633593,4977.08263861763,2051.371868528231,1039.1781731846418,738.6938537407415,4206.102317494463,2181.149364094788,2987.984297775418,515.6736164935928,3756.7849779661174,2972.6819303647358,539.0005728530199,926.6658642989896,33703.3479435349,32924.88347502528,11655.363328709034,3843.5444756975485,2061.7942225002025,3324.200919429834,19.6
967.0645567072401,2342.811698083331,1499.544471299515,1633.2860253044084,1678.6019054164844,1072.236544420284,1540.2110834113173,1036.0817455653334,1201.0860714455741,2923.254489293967,2548.3593855538093,2025.674882984109,265.0447274126743,2951.1310256703673,1045.6436862763037,1734.1384228682336,693.6740235690955,277.7387076772062,3743.9842762665867,1224.8671863618638,363.22024017522637,3010.776799417692,3090.4376687537647,3837.0167090777923,5069.705899556212,2309.062374361926,3149.510909094417,3216.122376535626,685.8086038626641,8294.05673287646,2129.744369954888,2753.738527968162,4304.915934566576,1246.3740785123343,1389.1531413867126,3149.090325317088,1941.7489681381244,4740.196639040134,6188.844720741049,5723.935192033577,4764.492021956347,5754.641151595394,2963.394856259867,3872.551918188075,2775.8666955912654,707.7115563916889,5788.50179260273,22247.8447411675,191936.8113212834,55312.68133808578,14157.06912985232,21265.17209891283,17343.14602093539,17188.41051677575,23243.80517849988,15908.636125163672,12524.60860589128,1545.4833634424817,2267.1484316425376,10561.19434833438,15050.053580144577,10489.410358835808,28179.59891055154,19047.114273216815,32178.736374133998,25211.272537925197,20888.75540000797,32934.471986172466,64352.21103347443,183992.82602357026,253042.31628806161,327263.9927316907,393577.3313275807,584947.641575162,930007.4561762873,2757667.316933042,5047991.860001333,4.282301046314633E7,2.4735142221086302E8,1160773.9899626737,124953.28772845503,394891.6732313206,518226.5425370817,847697.0109441599,660555.6925746866,3136686.482064051,4.026457960564659E7,6973984.070940415,561990.2268199073,213403.4606426381,176633.7222801856,153233.26986265118,95167.3507766949,157083.84642655315,196965.03353643103,240820.85043979654,153857.83645696763,121487.25704972455,73813.96703688626,60283.182848394485,48854.88642307859,73329.69274625236,48059.35351424689,31414.912792827898,10650.595076682446,4445.244024196821,2927.5644671250993,4724.802746464377,7775.006132372697,18690.586738717713,53691.73505096509,69418.81356955529,111293.65403982041,108266.39806273807,98128.54102562077,65660.41675400491,85707.89684075129,89507.96165097762,126937.08817289276,123727.15147191701,86813.9989953376,32358.474668684812,10143.185879708173,46577.38613215115,260314.62311667786,2.11782107151033E7,5308266.305404587,831078.0315223809,572187.8865535165,264344.97266461956,111321.67574635083,65967.38628486486,151252.56451937047,395158.1618273385,3618238.476113632,2.5941359606850207E7,6037316.4888510015,1552368.6107113094,1893106.6598277637,2992526.4951384664,1.3484806318648465E7,2.2532178031269565E7,359387.458812151,46956.06798435844,37364.00050561679,221560.4149549906,183720.68122190767,133758.98967802705,151036.70391712076,226611.7602207555,488379.6955976407,641690.9425568278,728895.7110222414,535289.8917273438,214164.5032150532,74896.4888059709,553182.0232645099,1943090.5804108696,5441984.72919614,1.1369806436855316E7,4.4244819771420024E7,1.1191064774160801E8,1.6555103618164733E7,6578288.2515056,3902174.028306597,2886045.5097330124,1990441.5755077277,1465007.5511996544,876959.0485121382,484523.95462973864,299880.65282346273,198810.4500693281,216407.9022012086,215252.57177271356,181556.19947013538,126114.53674608427,84586.63473539184,55797.91053679855,13294.286662173963,5137.393771589587,687.0484192557178,2970.9799273420836,18269.133195508406,34995.57369488218,51155.1402948284,48635.99514628149,289013.68406435,650760.01949996,5791.154861790368,9767.098160778229,6248.229364010688,3470.867395504485,19.6
2116.697800103013,4070.890364342808,2580.719513645954,2226.384475572294,8166.050418427381,1724.3642580509163,2916.9176389457452,5543.469937978925,4217.877392344193,4764.7085935459945,5553.374804241955,2217.6013517446436,5470.681025276932,5590.31631286112,4351.718023184256,5485.080828144163,9725.442530166021,3212.8809992480237,5830.766298403689,4706.213553554903,4460.72035934048,3014.9250680048885,5713.501135300585,4988.807153978281,5399.498344141718,8953.748215903675,6188.509545818852,7820.724861814523,8105.967210880678,9977.496369331362,8959.448238676317,7313.681621813566,6734.035346249448,4692.75239923676,6497.128966880142,5070.562170600673,6296.454790536846,11890.116682238444,6754.266166663054,12226.086420252714,10255.090416306088,15428.852804022185,14138.394000838289,9431.231981409428,24675.199547141914,7043.104277056111,15557.794765403516,9387.074629769131,456110.5950310515,18475.78406753899,12448.347518227234,13359.80483622498,17641.477614318235,14622.40351407766,24936.24993211886,15038.251549361285,17013.969516018493,13262.091431456694,22319.524847535406,28004.09613588395,27423.578635535436,27573.477546073616,24011.79194497857,38502.564419946444,43145.584739254904,56526.9781062624,37240.527092959484,69294.10148190444,67425.21075892435,69178.94397442619,76348.69162269816,83042.14897723636,171197.30272103436,286293.3150015957,276715.3349006597,644423.11000526,1212640.0654709558,4508080.960396065,1.8567093464733836E8,1740094.4308359558,941053.3900055435,290692.5202950049,216476.27578533636,109645.93728391602,120795.22055297795,150125.6471727386,7.646871765283221E7,7523871.424429068,68791.21745653797,17261.473255021116,1554.2365762704337,402.179050415837,413.60920937965165,5143.288904191199,1901.1087251762465,509.6702415341214,618.328334956653,4326.483066463538,2488.734754630543,2424.4214039765925,2827.2615513250853,4339.452475681859,8534.27165106347,6468.18983945265,5855.2529805911445,2276.875000435363,6932.930568882365,5385.49594763526,4996.652443259412,8539.023131062957,11927.700138593065,10696.837576335976,8156.284372924015,22173.295861709124,15905.01626799105,12993.520790463872,37005.60737837528,37099.40238137523,49516.463748013,53450.54140133537,59794.07418140227,79559.57208067978,149826.69705398072,234099.02505595548,741047.2612207641,9136443.45215638,203009.20546479948,27548.08901992143,11732.263554705685,65075.7208452363,137659.05031357898,202384.51258102249,397806.3323908021,845967.676146616,5011884.348084165,5.623433107554419E7,3411317.0903724823,538675.0532448165,61984.4472363466,67789.00785721988,8680709.4977185,345965.54977000784,221160.5374082323,110772.66421883031,959862.2189104427,283836.2757260259,144560.8066588047,112245.19139072738,69599.4838803862,53012.85290133576,60643.720728377026,59390.375793945655,46618.775596076164,39544.351635367195,35705.21115412109,39077.208450946084,50450.30247725999,42980.90404519893,80029.37703279188,122317.21049252218,296263.73753719265,1818323.2416684288,284792.15787512297,75727.3806921396,15113.359719436061,15149.733596545386,11319.885058206375,9196.500925890106,4308.99630591504,4388.4081677315235,3832.9683715494143,3748.761756841494,2266.821235165444,2771.745207279152,915.2343166546227,1775.2011568137023,472.41629264510834,591.0795195900323,865.9583253023582,552.3563365781546,259.2059684475267,1019.3352871364601,1919.9953616239402,155.69722005782495,575.2941930476849,576.3011295692793,110444.87540094955,41465.881733909235,17704.904612265593,12982.777389197618,9311.758887482541,9182.6229199612,19.6
3366.674552878407,2759.5715998825044,1779.2375632964813,2421.9420087938306,642.4292751357157,1704.3859146974787,505.34540091746703,6451.467454229452,2127.187858745865,970.2979734822741,4843.121902282151,3140.9965402583875,4627.979605565736,176.0767764248816,5530.584431697382,1797.8039087614977,8517.945859442516,2144.3266869313716,1166.635454306457,9218.533021443118,153.799853471954,5514.788669737385,2702.9820755433534,926.5621910094663,1318.363695687376,7620.141872340653,1590.327706538249,1759.7903845125284,3332.224742636844,2522.401325022312,5853.352925638984,3085.3984638137586,4351.4219828191235,5489.086682872477,517.6760620378595,6729.307324543973,4995.091115890716,4246.023594423548,6059.2564543342905,5225.561508677019,5384.266839821,4995.3233712516785,4473.5202763205025,5799.860516392402,2565.4488668571003,19359.223785951093,14671.320954468525,26713.19357952056,282832.71367496945,46734.07362586804,6596.63345270068,4462.024555893277,2324.688888343859,3937.594682328381,4260.106407255403,6054.0271748002415,5568.434534786496,5541.9152608953955,10885.795306260085,10490.123683453647,15951.612335189231,8395.452163337572,16244.803774389991,8243.722023192886,16821.114984206135,13951.783261079929,21205.352616098895,22635.754043081684,41849.04272859994,27418.505980062248,73100.28702839561,34374.68765673315,104004.22138497648,200853.69524056715,228723.64449074832,209818.83956478868,722237.0286341663,6502845.467921116,1.2166885237200263E8,2319828.0050395257,782447.7257271362,609061.7553580161,321097.1063345568,361899.72073340457,340423.33034875756,350769.26681779325,6.535733750450063E7,1889649.6879014699,12741.002133978938,7910.095896887236,14772.938167977904,2864.0121279464056,4948.811373713356,2177.1581241333,5428.714584388281,1005.4222558094491,1065.9148101149879,2403.462721308209,653.4230686778164,2414.35988416912,1864.6145536687902,463.05320047111246,894.3088417170383,1686.8126768385332,1108.5671024545886,4476.984636628618,5748.6630985930115,784.6476254567392,2277.3829760621447,2536.307573007288,2911.466500216624,4702.216526829566,5036.173247392802,4519.619629318606,5842.374751740713,14631.27648715387,13157.211183311281,17220.666037598505,13529.126924081254,27424.99102127504,21732.78485112521,40105.807085266926,66070.07218218708,111323.31716071177,184515.85762393533,951502.2489568627,327009.3688981909,29359.545265841894,10672.224639258271,68015.45615870589,156780.69651152074,235522.32826388034,251165.80178765315,754057.7046662204,9081472.387216467,1.6306513308387977E8,1.8334496616272554E7,2269782.573842733,1058079.5572456662,746694.0014134981,673502.4926342232,3183620.1782372426,253887.1402286985,96297.26992652929,110763.07056778774,44954.70157229594,27141.66911382536,22741.258669990322,17685.33006806209,17611.505077637197,16906.706296549444,15145.225137224232,13276.101175436293,9558.802014809226,13903.059252902796,10325.00312001011,17081.887882583076,21793.457844798155,10632.586390325992,10612.74014916568,21164.70213698607,6744.87086640338,5382.495716104391,3556.529233084647,5171.338672091281,3131.8717532935475,5184.4630747923,16058.539502334575,4542.05010432798,4026.6459707497456,7163.113327113328,3555.8071702306033,10398.933834480162,8345.17413949333,7472.621567776034,6717.44956029089,11351.107797512324,3333.0982987945704,7208.027902351007,5680.025592129667,5821.303842366351,6634.102309629657,7048.06898374475,5615.433378625824,6187.595420051426,8390.455874986374,15175.532756601035,4226.623005540999,4202.462032538789,2349.490800535442,7675.570047987368,7226.20417872577,19.6
987.6131854170162,10810.48299348083,21714.457702879896,9607.233291593802,672.9927029287207,25187.729801658497,24468.819696299575,170.4237308062277,23527.16385888425,25587.31447432862,5655.015629025867,7852.173582460795,31103.536671525297,26174.071746924037,65.03224403591317,17583.497754454267,27006.237875981085,12418.111691913897,8201.438425930526,35448.92358806944,24758.18553565804,1895.4604390775999,46298.82655925793,51748.13589669653,1491.7512076239732,25404.998965599058,57761.05756434165,18301.387640623034,15372.212243492846,64231.70111645086,35377.676413889065,1859.3157405630436,44603.70377901478,51421.842349252795,3884.7558869823115,24876.40425689724,62799.14186472374,30196.973793332694,3422.6074276265326,74364.52850853554,57077.87774026907,434.2334434804043,47817.52445968448,58628.17541849153,5954.197514210663,28491.267797150318,100686.20605586778,69433.42595382326,27545.234724924456,41789.26644026546,53434.35974396474,505.47738263254723,50502.399318647236,87644.57493268506,18070.495002405212,15808.470324674128,93733.85611372607,57348.83121554083,9738.450666217352,76723.97486288917,87428.4947401476,17669.701311533332,32640.967021080538,130114.83837029178,47806.89915251604,46208.274840541766,147994.3934297237,129777.03842391867,32942.42400773134,198380.88816880685,344795.8353831583,45920.0964902535,163879.00177556177,532446.5172732052,774390.7550923994,237500.43799928535,7244369.684851747,2.9787666437260553E7,7113131.814456508,2670385.717951934,2207151.428502777,664151.0979692772,28259.456233195735,101784.46254188065,19383.34501181831,368576.664170722,2.571193978136132E7,173460.73013084804,186838.81063874887,323392.62094265997,78835.93615017553,17372.95171301013,7328.861340623477,34925.875748205326,61535.61947690244,53406.930083772546,41126.86421751589,12542.389178134401,18464.733781760613,12185.313220406513,4376.747436489878,49604.98340006759,16218.885796866636,1365.4651784364487,2320.5896178568287,33598.76262190623,26661.741679562085,5434.14955738839,64893.85055217253,23770.935862890496,7703.979805830078,39896.53082876766,64992.20949986334,2678.9143839972603,89959.54857029425,63493.074448005624,18345.556008177195,79552.93851515299,62830.77250537212,101582.68344919875,74467.52503416713,221282.17514415656,64521.727712169006,297928.19380710897,1903455.4218625245,8715883.395866387,1781253.2850088933,323429.1070186148,15672.856026578185,460777.980969188,775405.0334525038,51665.123587888476,2682429.385866872,6254034.470543036,8328694.276764544,1.3742679969135605E7,1011865.2846399237,1.4260433134697737E7,5439774.369092555,258653.01488630747,1.224738424702965E7,2009616.9277572897,626009.920502982,512099.4936061424,722384.3779264111,50196.58509001923,60632.54866805645,244247.7146914456,319449.76135125395,242204.63868875668,727842.6871914351,678531.4364927493,213819.23370398182,395946.2394164525,661328.2889414289,765465.5150103552,1848427.4615725686,2162600.6513131103,1971636.716239602,4226854.268514446,3.63022246166269E7,1.4896281786751342E8,4.959091292655805E7,1.2596540957678186E7,2476945.0024369266,688544.1022130863,803640.6170827847,945726.287975195,608629.4090297791,823530.7034054607,398157.86138252326,101490.20777303848,162789.0685246592,365300.9727477161,165808.2111613787,160522.83855814754,191558.7935908484,39858.979770508304,18403.666211639345,110327.61842833873,180762.22651535342,70709.06427165297,86321.82980543227,74233.93834785261,27750.83228040295,13093.700285681134,353641.1716952863,57522.49236182644,12060.466470388285,11209.890037225552,17610.193804671315,11919.63490963968,19.6
1791.9576744639326,530.2511562516839,250.79006792170392,290.03019235987733,910.9867807158014,222.7881263643651,81.95855827363424,862.3615541338149,490.3059112503382,136.91438516581783,150.9446899400561,271.37458290258326,2420.7013384296433,237.13101894178328,345.5186799510111,375.69205837001937,551.6265614398127,1926.1240782079585,607.9662099840439,1081.0233478333823,156.71057102479108,837.0027061615626,9.342940939045654,3096.8384846701856,3262.131943423754,1730.1283763979004,219.2697953046101,1069.473137129505,673.9420120012853,329.0078531212705,668.464322385324,284.6130433111009,620.0720493110227,587.1881788263245,1828.6759289078664,5554.567225829012,155.34029258662537,1392.7277922705396,11.170997704965089,128.80178997026584,1438.3436028305648,813.9329486757402,993.4261924050363,3291.1852325733917,1923.623400061834,2461.17087340712,2828.8599584122394,5703.847550673169,50266.90156063207,21024.870396233287,6514.787440525195,4006.0133223655293,3687.3605923189866,8063.016948758561,5503.618423232949,10086.676578796456,6172.2805630340135,4999.247481148552,6924.417046835037,4704.195675187956,4963.285361734721,9416.303958119868,12211.582549562154,6012.828319284204,8700.787825760084,15015.747065960411,7593.72363166097,21633.281369983168,31519.71779684159,21188.446333533742,24568.37555211637,26317.75328508075,62147.92466665183,57430.4236055471,52178.6365105288,232107.30053786645,486646.7222345859,2237525.34394615,1.64222414134658E7,572438.6173361359,156713.59435132268,67492.78022476404,70219.0425427561,33123.85786155182,5033.950308656535,187981.07680865613,6.151796983753373E7,4376842.813541438,447376.7671616151,62078.185782526314,120922.7103382695,79342.48003681106,12463.81213844122,33992.95206085167,14735.73457057924,26799.82302276362,8773.640977694018,7708.626199501602,18246.11151781428,8748.334203689861,6270.386558417678,10799.484761518106,4670.556636935135,4484.656436241657,5916.0160788697885,6171.710981199867,7155.581033659766,4942.370791708316,3233.9440988568626,1558.8720027667441,3734.5698065730435,4082.418335967839,5689.006884789604,4822.578385412119,3831.9877552363787,8239.363983752795,4002.683300330059,8017.248969606264,6821.762380750899,5732.542291261801,20168.499297123682,16333.208625560846,32140.274576356234,95213.7349929204,144993.97432604607,4842009.217301022,697232.1403697806,142196.0802806952,37849.18509433702,22919.26760996528,33330.506816972586,34691.19968282784,56042.780889331065,56398.443175745,241202.1937234308,349600.6969936034,1.2679777438281193E7,909684.146477581,357716.3905735306,619178.9665705303,733092.8186144896,4710464.770951733,417497.5652124321,168990.24345016503,94437.88576147563,3571.5249540823534,16615.646312133955,4884.256467544607,1342.0041997199385,3541.4421743692756,1781.8865788489925,2029.0207973770082,1317.836421972708,1704.1412176538247,967.515946943993,4152.28349407475,4575.397706907565,3429.416398923211,47721.445345130436,146033.824427965,612772.3137059148,7489214.108496827,270976.0195627775,64986.70224086288,29602.9321045815,32027.18156482394,35491.18050323312,19833.602282770436,17703.204192358917,19882.018639846523,18467.687442449183,18804.48778215558,8022.296449209733,12403.467646866531,8557.446449664472,7538.474876036735,8441.326597951198,7130.378307275198,10743.930753586952,6011.935272138596,8721.5623069411,4866.8498945885185,7249.7639510236,5314.11631563906,9835.53056573702,15270.577731191806,22339.111790599665,109136.38750536242,7760.279504303491,6524.976582226941,6598.724435387072,5811.4833025436965,19.6
115.91393296662541,1427.4382569328343,1890.0293128138903,335.47601337573116,2198.1173001377606,744.207012537423,1810.7044432922073,626.118960105353,1824.3193414803231,1299.9620883141206,730.9531347084637,279.6542623200776,1509.8597907291087,11.320952175540075,257.12123554010276,269.55630554105466,257.3789161657959,694.0259974270043,4722.118271409797,1075.5111833826604,344.62004916556833,1159.7668621076755,2766.6499963878528,3041.6615975876357,1276.2309322241297,135.57144054314318,1618.4256906341288,2225.619344594214,2050.877303706704,1597.0825853676683,1053.9758496732813,500.1500092395418,3903.439407997121,512.5947660462318,402.5096752691338,2134.491308201541,524.4500441899579,2234.78709795795,968.8265428922701,231.58402511342413,1123.8175439192864,213.7040673541084,1825.1830952658977,379.7941992470287,2744.403366177822,687.815146934822,480.4936292293082,537.8283251239277,82598.47769380607,907.4146977695225,175.69972362963125,779.4506581987733,241.94244803231126,604.6811505140271,300.5554436569581,1113.1861236916607,9.77508128353145,1385.7202970008707,570.3546873221652,855.8772010211987,242.00052669907637,847.8855485245713,1571.3027768246209,1851.7051235376566,4002.0892275964234,1980.9649767941494,573.3166752171855,914.8972982457921,707.9509671635269,1942.8399046555808,656.4486224790052,140.19407194002338,4202.415461597052,1585.518264307153,8986.323752807864,14210.839997436673,26140.118387820385,763210.53386093,3484182.9078804003,6708.126019405139,1109.8757033165969,1947.067820787832,321.2628302072356,3259.3652335117813,11251.29408384083,75148.67521519525,8.124712491780266E7,3563731.060406576,287754.01456406177,71158.48764965426,17966.156212213005,10422.466233052275,10362.822923222873,10291.044877091308,5437.787154211956,4619.4609089109435,9650.786405069803,3295.972039353081,691.1865230750219,2342.798296849274,4334.638598596727,3630.2155543790723,1755.9027796653936,2304.9515060191934,2381.87401547838,1996.7040547244437,990.599629328703,862.9070162134375,125.3017144048257,2601.570047320287,1931.156595838956,1234.9567419293776,830.0049270889176,1682.766422397261,1046.0475677846134,2188.645535684711,317.4545014300952,182.06000394203127,106.70024984262065,338.247712350668,457.2310461701626,1330.3035225772933,1427.6601489210448,8269.19289658592,75468.18314910032,76000.02374219877,80519.02661453813,32171.29989969732,19087.215491854644,28260.038426094245,20367.978053970888,31936.721985640586,41869.05692297402,56996.63868813613,338607.5298524012,4176529.3753495635,2.0116023648941875E7,85521.337967185,54780.30572750782,166182.42213985126,1571986.787513307,212700.59801404382,106591.49910424181,196661.7557760693,118791.35996269411,2175.317808982843,4545.869993121292,7387.458034494636,2278.6820867804636,2178.602266456384,3706.6333381506847,1068.4132588320083,1267.4733057319813,127.98857326477238,803.751202549708,2036.039544906016,2216.280996666231,6189.612044628865,3678.494954476023,5669.279644673425,14030.069643506531,5971.9117594333275,12787.089176750234,1478.6410284470753,763.3048184583138,1090.1931512515378,587.1998083780745,586.861964680921,492.06097261266103,591.3859575023642,723.3914343789343,1065.889907270107,482.88515900685866,162.69942961612927,617.4759932496611,309.2663944908828,108.55983587810623,838.6754936098587,2566.1637717776857,608.2856695765068,613.7732872340604,798.5614173130814,1197.4609075787785,2305.208031619092,10863.597000668215,2977.389725390431,217547.2973710612,106415.83390698185,19877.426186929086,5904.212416705036,4306.308399936263,2859.729573351881,19.6
7246.704573589042,1049.631015957332,11868.131946476558,6393.937499317158,9121.381780414766,96.27452661354631,8833.973430494625,21123.570287920036,9904.94835308168,656.9125317428961,10346.744197855518,23499.10509510829,15182.398971871018,2077.9942158363633,10158.309670431978,11199.501586565475,7262.368898655913,2016.4596189577633,12387.944771591217,27877.714061714738,7270.979406399559,65.95878067189875,3418.415531569799,19807.547170893806,7095.093502450234,66.33454513223604,4144.575007988374,8556.911635793484,8730.289482878257,855.2599014989754,4693.7810602298505,3121.72597499863,5928.321807148698,5096.1984558972845,3679.491078442146,10696.070779812484,7627.790820336278,2015.317051068474,2919.227045377406,10191.64776340755,10492.721808649867,1643.6086427124205,7859.625011130104,15006.9862614541,2901.5666845350333,21174.19735962619,18213.27697024597,31515.934008125267,6218.020843125423,27354.6984190511,1524.5599898215514,13753.252681913671,10571.185922136565,2239.8174340056808,4881.881087081635,30948.996634623796,25794.087591702166,5520.346599734727,3068.3153010204974,22552.231485901135,32753.25131883366,3394.1642499674895,10297.835791421594,50928.276949864114,64044.24144348866,31133.94721493454,1885.086435905166,34255.04836458867,48534.30880479535,10169.677870171721,16896.692368973498,149427.90321505367,275870.8674273439,175411.63412220485,64486.92763160586,350996.5818810736,623734.8456919126,63024.0320059991,1.8150314719462328E7,2355195.8182595037,831852.3012150708,199418.8579737924,213311.46157499793,959981.4941265071,2309133.1066216086,2723132.6452283873,2.0958699267235216E7,4395314.555105513,857602.815035087,197237.21892518204,315973.33542709175,183776.99960758715,18353.02348989797,21736.3310340215,81421.24289636081,98708.41522170912,9923.001300754004,15512.970325911454,86107.74464534779,76783.04800608917,15804.719511202813,13187.702798111131,49655.483675174604,48095.59794018478,12564.448605158206,21588.70607413115,80276.43446940764,79438.95229647061,20536.549170136812,27575.79961021865,53559.10493732004,66545.03393013828,25836.541568504505,30642.0133832499,79843.93535420041,101453.66212457283,36671.704593955496,36086.33519498052,77543.19123772444,73609.95181662093,35584.321968246906,81459.43896882732,144388.54700061626,84293.52448582418,9383.498193755782,605052.2305586134,209160.6506820925,270182.6998837722,40231.642744438344,70699.10811216317,332260.5930671345,393625.1601695783,59945.08976418254,259563.38407928194,1206891.942241043,9492143.179190766,1.6284159199716464E7,1634637.7915172996,208016.5669578503,741583.6396050397,1919405.8903620474,36544.79288898698,103434.81612994769,58752.31076382022,202787.29139286967,130122.88248587916,82339.14171927293,322314.64765911485,446706.9871864929,252267.20031925655,91624.26940023307,281755.98766929156,352355.71675825946,178713.67168097454,426980.96819517,1326929.1870077571,1591618.6749937865,511589.3694268566,228207.54518544802,4365128.272130394,1.1651524016100802E7,1.7374830015886363E7,1.5395654487745404E7,8373244.5006274935,1971469.8680967218,44935.53396264811,1183099.2336078342,1800845.238817501,1043762.6314940625,312318.0693308563,249267.82096517723,451146.96031761455,289834.99483821343,196677.32263641234,387375.7154168437,522247.0551921078,340718.26758652943,181660.56605698823,165570.3678958848,233927.06874126714,248571.55690255418,143066.8117626097,153810.71559452044,209405.48113821953,124146.03431640696,124539.67282400672,196502.9937493457,461980.09349741903,191426.81896613658,13037.662712846564,59880.40056416298,194720.09302533852,19.6
4684.498330409023,5080.997251985307,5801.951044589314,7442.551260112266,1366.1422757440735,5961.815897259562,5640.321159814721,2105.416132620132,6342.7026996757395,2969.4677618526384,4503.146492278557,5235.500114023636,5116.302001379484,5609.085054706029,2912.813098202282,4392.020467221004,3003.6722847528254,11493.779133553973,9851.800917791215,7050.353688330475,14578.943326439801,4092.112193000058,6665.440537804291,3482.0501627070635,9128.833914293273,6651.7146752734825,3971.507081437416,10388.231805071855,4917.518785791768,7892.808405561503,11254.601380029091,5255.24521636688,4751.125638218602,5066.774662070906,8639.6859371379,5944.789322896415,9056.286441735974,6952.269725916921,4546.802405781927,12774.544111780906,8950.591306798704,12315.132658166465,11666.531448473927,5649.584898644952,1058.918126716975,26604.10095333986,7898.031824544735,14101.898036397013,49250.94373349554,42002.63208325421,13415.601659134722,9692.541390429753,11394.628319391642,15546.79331558497,18109.06348563209,14428.380590375426,21174.417161530924,15073.604014811215,14453.002494479511,11788.355672041209,21365.2355535594,17925.215406056588,33645.09571472686,36089.28684628966,36717.858300024025,48030.483278896936,24868.50784623999,65056.413648841044,42464.3704199917,40411.103294070665,115232.71530336516,64034.22884902672,158840.723238805,269305.4189348193,272619.92320082453,542631.2717922102,1284350.4547512247,8650020.982938526,1.3995599922144395E8,2809123.1342337984,985301.5575218052,441814.158224764,650605.0796623711,250006.0441522524,350045.6975861675,1278632.741218984,9151742.394772885,1741638.0141280275,510064.47882609884,34689.6083476076,3603.284233868323,2631.288865332002,951.9005172828869,435.3171211314302,1600.4720791078591,2225.508445169371,3842.4656474721164,3084.9115176522882,3923.861823127114,6484.834075342689,4648.227462051257,5033.746203075331,7529.767434627609,6741.004100036244,10572.65624264261,17674.98732788611,10479.00216238344,12510.958711545532,10391.048470381267,17236.160474681892,9966.4074058644,5043.333975252271,8595.02653624618,17692.792799677183,17334.41272937404,26876.41186428823,21203.025331361117,21920.11420358951,28751.389932942177,35290.468143906866,23432.57449382932,40333.47323234024,38791.774523859414,27240.997367479133,87003.87168555112,2960850.118351574,56605.358210894716,20133.75985616745,28091.90247842612,66793.24636398112,106335.00472004036,113902.64238064452,209136.18218778184,474149.2009561382,1816426.0391216434,1.8547020085013326E7,3.42934686537238E7,2552181.5357203986,177768.54392790317,27235.717568701948,1091163.3152949254,2570677.0302169723,457294.4467904558,182572.53571216823,200456.46196709946,150649.35363334962,134928.33135620583,119453.33274352679,96939.93102612658,95434.58732996088,109746.91853144325,87866.81315789839,121211.24656742533,143904.69199569992,137245.61164910175,165048.7143404419,242538.19881437835,390015.4124673114,503257.9930797414,1014166.8708232287,2822361.4040356334,2496588.0057249945,7163519.047201046,979788.5373454972,421239.45380945504,209957.78734966274,75228.22149085627,79744.465269958,25213.50416744319,25037.387105453316,16005.820806267093,14092.213693725891,12278.012510917664,7557.125892337173,4102.787380211342,2372.3557564414086,1985.2256691620223,2539.7623810274704,1701.1102570846292,154.3202975856152,138.99460400457093,376.4331189720309,1018.351179734796,4648.134266408678,11648.236092785006,18330.34579985853,191999.82946852618,735003.8198561909,75775.98923204972,18061.02096866024,13184.632619171349,4403.791492776004,19.6
608.8365315052714,2777.3133923109267,3676.7113821986204,1024.5124346267082,1437.7721497715845,37.78100526019224,497.33964258466676,1512.062627360162,894.1028614699836,123.1215514904975,3822.991171604036,1240.6362891858755,370.07078669556904,52.84253043408303,154.98529477811348,212.31248521767714,1124.5225318289772,283.1271090315429,2857.7857959558187,6180.955834526808,448.3987976113784,4252.419393236942,146.27244121240636,302.1839016319863,3463.7922095788235,466.7173077670514,2184.629177519869,1794.2885938335244,426.0915418344797,1729.7362167691965,2296.0821060214116,109.9786351072471,139.03157767208302,5868.752245284357,133.9733366669041,3891.971980460242,2295.8820162577217,3215.3920121625556,3412.2486783576605,826.3493761091853,1246.1939803247355,781.9272989333542,1433.3437455557955,4040.685727161033,7946.127546262405,6452.897322079666,308.88072338361667,6183.113219588859,106910.16681980412,7425.214385117271,5334.36511807967,1423.688335990126,2632.8639226006326,3152.756301009438,1314.449289631974,1744.3096271357902,454.5880229319555,1203.3141725852738,5889.295389371564,7607.614030941961,4745.04058558319,8527.446035257788,7888.7711635429605,5105.769855234579,12627.055831415779,7154.228078406073,28742.71225367546,17563.74721544668,16879.77623650097,22573.76105917501,41599.16874748753,48484.10723267271,97404.70348586375,97002.61339068168,267644.36002291966,275411.5278548647,1044437.9242973492,3788430.0699706003,1.0479414865009609E8,2628073.271750111,767491.0159558371,457671.65199404466,344151.08275245666,178378.27675138324,224584.47415780954,281255.8794343235,1.169459279851511E7,2948513.257872414,242295.0196987557,40346.0276267311,34167.71367341218,25780.433503035947,25011.958619605153,14464.473502076828,12912.04956325433,15655.8703122611,9003.415665379933,11161.677242728687,12197.193629261814,7653.664186022894,11103.097923717123,14183.029774518378,13056.70066377953,13434.393430161534,5482.7645353138605,11269.700802079416,8915.136184349156,8341.68539964463,6855.643389414199,5870.2207514090605,10008.650650228119,9350.382200128954,9643.16935873159,12763.521844050343,14526.327975772407,14195.39141177375,18921.478330998165,12083.41043308537,14143.076864188475,6396.100559377404,21918.98875993717,28945.081511319542,28107.687415699118,62173.583087923806,207337.42441132088,1616981.670826543,125634.37049225846,41023.671879046975,36748.551715522844,60314.66137827737,99712.45178078611,166146.48451998725,152760.1391870789,718474.9412753771,3526547.9140323238,2.9580393893476017E7,3.384188875343771E7,347986.21449283545,304399.10251039313,147105.37102831987,738899.3008107134,114465.40178684429,25288.04666711964,66366.69387344654,91611.49380579298,1538.8529277034586,2927.6984708900136,3474.832842121648,8617.389357569242,3304.137913628443,5544.739437270839,2386.6491078830772,2929.73643631311,2263.5201600254027,1950.5754432759554,1254.2904806266895,1256.842909008672,34.90183842212925,853.9083175541433,7485.464530223826,37002.6387277965,199794.3078378283,206350.20340253998,66909.42775226264,28708.062476361152,23297.92283026183,16203.689472929895,5216.801364360555,13123.82934536819,13549.538882451412,5674.121700422054,8272.918652187935,2270.061509237107,9070.902767820757,8431.065297437386,9086.11645873198,5292.926928872427,6544.341037020052,4084.370582064724,6315.175579530746,4062.102163244761,3107.7460213254376,4876.609319252899,6696.977921044656,7934.928906451163,23432.955084294717,186895.81605130245,259935.93606667416,67350.2301489116,23973.154054458955,23519.074763215325,12614.291407387116,19.6
1733.018300378001,8760.482197855052,370.5715518843881,470.5082979051049,893.4158006343106,782.4692485843584,16.51273946985956,486.0748641022085,2080.0663927270934,2849.7611439049683,521.3564656636505,2600.653145309613,3195.303693536963,896.5539422698384,1130.9512024204507,3108.550658737585,162.8707543139572,365.02423840414883,1385.8609039774008,10681.027954423853,378.0763075335576,1600.5187653343464,962.4972669593666,934.4643338590306,268.8701880157652,1651.7746524269332,670.6728146237856,318.1520156995265,1880.581126412007,1313.768229618388,628.7734507921333,1367.7664027649732,1806.906385112484,105.51529522233396,862.9330647314139,1081.141928116315,1620.723228515957,2143.137112373215,2843.249737551093,389.8820083224447,4249.531864895477,3052.6746377885743,1688.968087103232,6164.469823471626,3648.264247717332,4834.664223083352,390.5005192485285,815.5376315416488,12062.546935319411,9399.41910836221,2561.061855108113,1235.0081389933284,3159.1703731866055,2443.2249013529567,838.8004269376364,717.9835796868621,2885.2011608405483,803.7485792737492,987.813561239021,1505.44573176814,5626.686493707812,3616.945050462997,2284.4615250003158,3945.4192140644864,5556.701368833452,4331.036272752903,8941.725895425934,7653.026989415304,10946.811458687505,21337.257684706237,27515.41945797547,20744.328629985786,33049.35406299014,64272.360283297385,74359.14172977343,176514.37196778535,406235.3420535836,2231981.9986653826,4.201059940307932E7,1192854.2626117477,378081.71828085533,204909.18083105294,150718.77146154412,100752.03988382882,99604.06126291976,225030.37264959182,6367713.745128715,478258.2923140171,24027.233166681533,11397.212981407942,9351.645203472446,10627.44060924763,7947.939280830015,5593.40617128075,5195.2855342309795,4585.966729754742,2706.0198619606845,7223.73415228,3734.432037823787,4215.572594540037,6473.977327511704,3532.8387719857933,3165.8346499123872,8875.16959396342,4171.772997544742,670.6297259137023,2760.746289041415,741.7412724488591,4748.964908043129,3487.68719297872,1765.271425274937,2054.006451358102,3520.1893929906864,4605.603670154986,5671.405102124673,2032.1907075596694,2632.945085172745,5699.017647109888,5829.197366398879,9643.303107101092,4464.4119060050025,3170.378641401461,5418.074604614512,14117.771108595532,66415.5303416589,428055.27207573707,101266.17188627002,18019.01634947689,21575.14588519327,17909.84822553716,15182.077325778268,25593.0744337998,46018.6231501319,108896.93803457529,777962.7909752987,4.52417458372115E7,2.619318178370103E7,76612.89400150723,19709.41755143814,15417.755111484832,30079.956893352202,169443.4983917192,6321.896435252721,5158.59874880316,4207.203792938754,2995.6318235264107,1101.2168516210625,947.3936430676081,97.6872099752471,252.88624388866936,609.5438912935978,417.37811901259334,853.9796871172308,182.82183947444872,8.028631764058755,1113.5410064933933,1535.7197582252384,581.1060344214765,1299.2621569730525,2509.8140679614207,1530.279071405312,4071.7668543023087,267.18020979315276,946.0020473204274,190.90182960101862,734.4000941627532,101.11574713037648,393.9691075570306,345.608262486667,1161.2398764688949,1512.304827599946,1128.2444214381303,1209.5608693271524,519.9323614203336,405.58295865099797,346.8433943986541,1652.5470687694897,1668.4970441390692,1903.7816387658036,618.457603980244,1386.9993610077217,1723.926294843887,714.6228012961394,1991.670917356987,4255.165116635754,6386.699394558094,4423.995076493037,44244.862942036765,395.76460105705127,1094.2108009137273,207.59705558875498,187.46314898017852,19.6
4706.432665396859,753.1041779560896,8702.644489529936,3042.8848094522755,2241.2568616663048,21484.02269177177,5353.333727911163,7054.635229659172,16164.437151884422,1268.7599384319674,19561.5430082278,4941.546271709416,7104.010413322903,24162.852645748815,4278.530399927347,13478.961612801715,12891.511196696583,673.6275480585708,21253.841225517423,14569.82937019408,3761.1694307714884,13893.9804125642,8531.252960815507,3555.503244322367,19148.99309843353,2908.9003432193576,10350.020989831193,12010.511634673396,2209.779575241084,18327.32461970068,21336.253263439332,6134.6434939452865,25708.952585526054,6849.925799947979,8588.692842348095,27621.1031749528,11589.668706425084,18575.1068486425,33509.95563895651,4402.224264881682,29681.677237396216,39638.3802882896,5737.915533906168,37950.67033297221,35829.98492366526,5531.104699249391,54626.57723285217,18569.096936539067,197720.61852862785,20501.73253842306,13875.213817349671,41254.25565369223,33288.278070454886,12253.739289356341,57208.51049523904,36535.68920258568,18299.850844326604,55969.80834135158,20501.75896234457,31491.298346391155,68630.38464953598,9952.401949660361,46830.710875104196,72261.28404513853,6778.70899814004,85395.81622887903,72526.52726719216,9266.298136289413,101303.30009968333,50965.78504024056,14045.505719045785,362272.28870141157,134028.86897063834,188685.33930010916,453137.5174883476,222653.83535082173,584846.1276777183,2.5320596102534305E7,9.341318996413058E7,2371588.470034822,2616740.1550343987,13497.414390072296,404294.0265242438,586533.5175212604,111547.25948378388,418563.3539726489,377146.3975555865,872682.9854164745,218098.65541040312,178460.52122157282,74491.02176773918,45399.77843745724,32678.16353496393,7267.086133960785,87347.47050016078,74285.08503379977,31940.034785281077,73313.96561804235,10531.385307201987,14980.683589528066,31624.99130483519,14419.943108455493,35505.706353543734,51256.65927205004,3403.6391734000604,49502.28027582837,31712.11908897487,116.00063961108916,31428.654345983407,24555.32827501712,3023.942581907385,68449.6478746168,18683.66768053323,19148.363121853276,41297.61495646039,19358.11860062951,22589.695602109383,82320.24075468793,10538.00679625467,61199.84400204719,75490.43640746077,19516.66564477006,70661.09187387212,51435.45569852166,1579711.0705747975,2796789.4668077365,220665.1982835184,116729.41659687656,466811.6011396632,60052.982772627365,261349.22541810176,793131.9994454082,667009.4657805888,1666543.928583658,1.1986743151433356E7,7941814.397225748,8495163.655999431,2878145.7759163054,1706081.1647443774,242048.46686731937,5760570.861995998,841316.5579453352,484512.35833672446,192904.77177489595,292214.7970935012,119282.5690771751,336149.81342959567,136424.6475504656,63712.541743791124,587241.407350834,187752.15534898898,561517.2720106955,493247.19295490946,84111.4721244364,625060.8480995779,820868.965367091,591010.0373473825,2292240.485838837,4182273.1751131015,7394891.050000088,3.698035873921509E7,6.546184559917286E7,1.838648528083556E7,4215253.782655226,3238757.5358825265,2226041.5972928335,1572923.627813552,1427011.0609344786,751051.4702865054,401147.60140702396,120087.93135769779,99250.0155561307,197556.7281038366,252780.97569455375,113401.98792136193,181173.95570649323,68710.48966645898,39428.38193765214,56080.690111932716,27550.42563692956,33122.41254904665,92130.87414406723,43779.68870831274,62865.39512778674,56830.40763863746,4467.273276419469,208186.72267442374,25531.46908130986,7839.59017674273,17797.908437303868,29002.428590184252,8546.652465457642,19.6
949.8441465297686,218.54405180326097,3098.4306173246937,1796.4321901479989,1685.5813100516702,772.8424672284913,1941.6845020356366,501.6029967110228,850.0521660709588,3375.8644397866174,523.5411916367179,428.4347884525374,546.509078090613,222.92344547989677,2367.760159329892,302.4587654506768,3224.5366781568127,4747.146681233953,3801.108863305516,333.7760247606865,1485.9590156978443,2109.876667444991,1918.078302989058,1197.9441243862163,560.7495766792393,1135.7039725409302,94.29561964054753,3736.2675530248443,1793.6371471456164,3387.239836296537,679.9463674018756,3482.6136777870074,3121.1445005602336,1300.8144641154063,2124.9779791130427,4930.282081597368,7431.544717303856,5009.547990335422,7924.916892243321,9359.423212487178,3992.292336592468,12374.318314079224,4657.525735945604,4869.5021106863605,10615.598670004283,8725.026007894592,7474.978836726268,23992.988138200093,196023.73887722509,73507.86736322644,2726.442454629397,3188.3284277946045,4417.442440549765,2290.019263222863,3150.822826261404,2798.8204654941487,7827.068182087222,9646.595599744476,8948.262196126103,9197.544727183742,18436.253113872022,12697.216463339051,26820.687589046385,15655.517525851305,18899.73224769985,28277.3546997962,22742.572936104636,30472.938815674042,46016.00396613656,44551.85587697782,105264.92280610907,107950.8782827339,138264.8102337573,342387.6941533049,402558.4662993789,501673.9126896387,2225360.197796387,8010727.060349323,1.87321022139571E8,4927889.076239465,1075438.3527812504,945214.8714965885,413684.8890022441,238676.32465688622,327667.10679731594,223651.06357293983,304002.2374462564,7899887.557822851,339165.6680978419,43142.96710999687,30025.102204365176,27179.544038683434,25706.671635341234,15464.813556423158,14068.81902916393,16856.329129920552,24870.02991532088,11981.937983677077,20295.577036965213,21908.688618240056,20040.16313827083,22968.522619127885,11769.53555294601,15894.07860945198,15243.796222731187,14257.457187918622,10841.870625440533,15905.147323251342,19837.733014694477,11363.137623075345,9293.338446231628,10776.412329618628,15780.916672337382,13548.174940240728,11729.331790013988,14217.059345897025,13323.177572673454,18020.625193883847,9300.80184680738,16286.827740799348,14634.723396120868,14206.074924467162,13680.804790808459,14015.421664646477,37986.82622386906,1429104.9854065264,250447.1746437364,156859.7381530619,137088.18176570913,124268.90466018861,264015.06640920974,272688.72017469176,378938.95526455477,973650.2884806,3202108.5139764748,4.093956275454843E7,9920471.322831534,347779.00319618365,124207.11515036126,53627.77166311137,134494.15090726523,2948199.3501230255,205386.09408554522,67236.86745310396,554496.9510483416,8411.361702365026,18231.772882424844,30500.747359610945,15322.050232446561,10551.340918866514,16538.260520865217,12604.309107877387,7863.293121605242,5651.771600629194,5290.702185389224,7422.475758384915,12714.13631400193,6807.342756732662,20243.713589873067,54435.03990855903,195952.2676821867,2713345.871734096,271453.86606434925,1232.6425780977047,3196.224580223918,1458.339524990253,588.0736042538101,1790.0023362719687,357.2738331356793,677.4117113291661,347.43428946106036,627.5865184448124,1109.1014499258163,4135.447685376433,243.8114942321218,657.3676250917407,10.615043336622557,229.42473197276297,360.44300749963475,285.0507518860893,163.11337662733314,759.6191769838235,144.15115340878558,34.002742541896566,657.7749783147732,3875.8068582436845,12048.447647457417,233541.5894104864,6729.655098082752,3111.0378297180973,2757.983061210203,3312.8890856572807,19.6
1643.6557566018193,711.5400484055714,3726.4029908242783,7587.744830567939,2012.8174916261419,2151.63918042815,1530.5840045628156,5896.46279959671,3889.6819310287683,4395.476424646865,9415.201192334027,3506.7951343370237,644.640652683161,2635.7754238589214,10980.894997523174,2137.750977816149,2243.140450962686,1388.7529510704176,7721.116298858784,1574.8467886291483,4742.142097141095,2581.679290582367,4660.653406798544,1995.109657075303,2971.416800043766,3946.0093373610284,1513.6801476077478,2675.9839055112025,3706.6663118321767,4266.888010976803,1483.8344804402545,3188.2105496297427,7757.763751880499,1136.0925726737441,1272.411879512922,2893.720296251765,4057.3569793392417,11944.637290803088,11457.332673131275,3283.256686829534,6614.7494533524,7663.791068827655,7521.9159954194165,4637.988726677113,20888.622426505783,3163.025716384128,2959.635645587026,599.801882532511,374919.4704796969,10268.224606097792,5586.57210183255,8885.502231087134,10955.01754981267,11456.586917842471,10851.940503527836,10444.191932593201,12536.97921472784,14683.16211634216,10213.100213642752,14544.041492736611,21345.5888303813,19374.977547870534,29685.17188718727,15795.674441505105,23781.32911881092,21475.06237656844,33385.92900135533,29570.94239577687,32811.41971239138,41848.549285783374,44360.7068727543,68037.67628029012,103297.05911497866,161230.33242042392,242779.34214447936,386111.4876260795,781912.083156128,4085085.9032655614,1.3758422267710748E8,2665021.0319574615,644195.6415860986,292910.9046769732,174375.68255129986,140743.37137054533,82645.58346380554,72924.32168258552,520273.1036986598,8305799.268977189,323017.1523994619,60106.838465148816,53644.81541466572,25290.492617950767,23996.468480304415,10529.31210379818,16545.897546435594,12556.871580545649,16704.733904351448,9261.685200098707,7341.733638911272,9671.67404482618,13620.687654693937,14590.044847114654,9412.908019759485,19329.02154331888,11817.561647033865,16853.986218051297,18418.00025532759,12880.618250911866,13247.815206747098,10345.288218704483,13434.514860810594,13948.472274723146,14396.253075122497,18669.10050888206,24742.76502869495,16574.770046279114,37904.41686954239,21116.961770968166,28277.390765320437,33260.28797099282,39416.459109997595,50445.47316231046,66752.70288177796,122307.33448665612,565626.3049793729,391885.5114868823,3991.847694142489,14934.536289116482,45398.60389377159,90908.40178782375,144931.1998038187,249103.2792513987,523482.08236332657,1278128.7063530479,8934355.612218445,1.030515272736338E8,2.6721078385717124E7,352490.0270878892,280974.8839886837,37425.32749234593,778214.2011885516,258807.07854491152,74034.62871490626,142987.5765311399,119110.42619421064,58512.814167124336,44801.33727409441,32494.161210244907,29946.95949662588,32318.97623856749,15599.925385982937,17884.398074948393,14439.24965428612,17216.60827514596,23291.80695885254,15086.061225745334,22999.96362095554,14458.702219393086,14109.156518282489,13559.847441699187,21409.226800984787,4136.552687547056,2226.6594695958383,1196.8330065112139,7939.01120202854,4994.646061253245,8952.239742976286,5286.870765103976,7260.82356140147,3514.6423017526026,4835.122121392513,3850.5546780218506,4572.087098769251,5223.2465991912,5576.402159275551,8169.988216273681,4279.768705719021,4710.901095117126,1891.9254447292174,3224.2445541442835,2337.168366840756,3266.1081356702302,4846.32390368351,2349.367225912794,7102.534532719076,7823.18469770302,235856.4699570027,69995.30628479758,27540.062280106817,15016.741335977093,11097.906200758805,9356.097554479255,19.6
11801.000223229037,8894.822491226114,5636.984189345936,14332.11769081928,4470.717202837388,8335.339515269736,4027.6106939690158,2077.0144811680016,6837.760499919112,3497.098105809219,4189.238301182918,6657.535079761589,7905.778029894828,13117.660213454037,12906.190563507356,5243.696540661227,5335.93421628738,10537.005982577288,8959.373002268707,3028.261840523976,3575.669014785786,9310.770471567626,5072.200236103035,4670.392779509454,10764.339711530767,12967.761140196588,9958.506736484582,10827.033913934394,5443.661000765741,5757.299618872132,2700.5597541747716,8409.009441806891,6503.599309258199,8852.18143443613,4067.121703126943,11818.379550408563,6518.301491675002,3709.0706879975023,7214.1585592020265,11288.258159647312,9790.51435495454,26916.534895903103,10274.422097099188,8074.1301105006605,4565.980604322125,10514.503863631027,2734.59132751472,6305.823318375423,24905.882215087044,148541.82549264192,92983.75784917673,54456.83468926549,44862.57947168947,17370.69172538856,10324.65003704164,20519.741606343912,54170.383847431214,61362.588599699535,77255.16168330894,60459.202489094605,43288.550003011864,13027.382887500233,9031.205348679845,47389.80611036152,101266.22581085934,171060.71892072668,156450.2164614368,81206.13158455954,52948.107158532686,23508.86072497341,26141.148806149435,159642.76927920652,507974.6927652323,1084256.4848041213,1377237.7674827697,971405.0059222768,195501.11311158084,2453518.031929232,1.2239079199520124E8,5703828.257002395,1858306.9986693696,924933.1990669755,283505.03887401003,68834.74998820871,236850.64993392155,568044.9256267409,408676.6785277781,977622.783516791,2334276.921108275,401166.69637325156,191232.82278815535,80284.44176498134,15043.45500473516,95452.6470094928,151466.89079848636,195443.55130080006,191949.12051803333,103974.89973084681,35462.20593333207,11946.744604755906,35885.00635378269,85394.33375556863,133152.96318903338,105844.51567733823,106615.28041279092,34626.81878744455,9869.825111555852,18024.057349040842,73313.77035111838,101910.47533002922,114479.02162328552,80143.38804035982,39500.81302226051,2470.403420296924,16290.385245609235,44297.13684162132,119284.46892624156,179600.81414962074,177146.6061381342,88074.66183477324,37104.000347167836,44767.34752211875,97842.24935756763,212663.15879701875,181310.24995776938,75169.29880213943,1399589.7825460243,415221.73466137523,111740.98034484035,152168.42689375364,460714.91758483526,775973.7572116986,1184954.9975823886,2492555.08858033,9004119.070905738,1.2797176943291022E8,751922.5239116116,6117397.454148936,2429211.678275083,650674.9043434324,2638.097482315225,65067.11189299959,173224.08136788374,290179.3253343752,203461.26279626557,32553.797188114622,35213.865246101646,101406.14809767596,336079.1615824236,738948.941217354,1000234.0555155178,944300.4153049504,576160.5542199019,221869.6662534441,229857.00005709816,1026939.7041152328,2857940.660179311,5809437.714660313,8738955.905722626,1.1892162200371534E7,1.380434014864157E7,1.4387702309282659E7,1.310511322165654E7,1.0975134765885035E7,7862401.7968167225,4637256.413169408,2363242.581523788,791236.3655424343,121435.47798646387,50253.845336849234,273083.8439467015,476411.3557805526,528686.4585384199,422983.0237127713,240077.99026866374,84452.84616545073,2211.9762530657067,32316.462514788895,76043.28031360918,136204.04110645328,162245.61089989668,136553.31123614963,62977.177820875986,25540.587431243206,2484.963895441508,2686.8918483781563,17150.39515813243,166909.3153779381,66967.6244897889,31215.281616040204,17902.806463178185,8946.831428560843,19.6
2384.062228981995,3319.4451887742516,6055.180455458447,3071.0630482881,2286.372762464636,5616.070689105688,1422.2054374252687,4504.639329563557,7559.699046732043,976.5600814303409,5133.063958140226,2840.0450779826942,5778.953489857945,9411.093908173458,4030.1284530055977,7853.781071592935,2656.581611977301,5990.442296581739,3258.239964878543,5018.423218283503,6299.753454257998,3038.5761191263045,6895.079719319653,6435.931838051264,2867.521309383194,6208.5464410780705,8670.7635439573,6849.7761723942185,8240.516139626523,14208.110612526823,3537.2074908687446,8366.47703430932,13072.527564705162,6859.596357086702,8165.331073465272,8343.141515765241,9848.226170959239,17688.081285794568,11475.620218908456,11177.141507101525,13203.904028015964,16794.06379550616,9061.320286361462,13915.978934569168,12576.542187565981,34695.86174399518,24858.54390248218,32186.426357189863,288628.87523063377,1100.920004119016,8124.567478277958,8761.29416513663,16124.641277741435,24023.45257279172,18753.14563209,19585.695371712987,14499.060002622296,25672.31087274603,28188.788121332997,18716.164719602526,32842.910683581984,34867.833086118866,53396.90262945312,47937.51911976502,61055.40984762128,43817.00985517547,85835.61527730477,49213.26451178204,91637.96593953818,168046.7159530258,264603.53472810553,195084.65304019282,331517.06542606733,280696.3877454529,633888.8933913744,1213510.0473615134,2551523.405086879,2.1782084168792352E7,2.377774137979783E8,3327107.362338219,1600987.0600486859,701865.2970973715,439437.88212737563,422616.38918885856,208680.17939029366,252550.22960399825,5660900.510629684,7866952.466385027,480402.67398942675,19389.68558913477,11005.237951428477,10337.968304237396,12407.306943009202,15391.092561478621,3800.790599506548,3942.184578204793,1848.0476854865262,6340.60169184096,3367.528408830326,8635.041764753838,8092.363700026182,9018.818548090576,2425.330903482311,4998.415934123606,2021.2061797049125,3305.5442663787826,2582.2427404718387,9712.839548500862,8329.685576917518,7170.037400656831,11897.964348189098,9235.08264123976,6820.249062385734,11980.313473123766,11632.217753178726,17953.853281836346,15397.560725832056,27853.162328028535,23336.401300853544,43069.73984770471,30842.314623454775,50626.618452178576,39706.713055138884,70559.48171644197,310861.7228218445,2844272.37275985,18894.38528877336,88194.65563401858,55802.43523453931,137665.6497015557,116666.25080366139,268871.6571840486,521561.83743734023,1284568.9868060998,4080841.597481749,6.605386092729506E7,1.7333143744231332E7,588997.0047733682,59564.80256689754,444493.9802777212,2663650.2910994445,1658666.6254046313,410359.9060822455,24647.84912544454,301693.3084979123,51446.943445917634,46825.63899744886,33408.3382503311,24241.279443269064,15817.869116459326,20486.50925295792,43669.21399982748,49368.380930273765,105618.69302416392,144529.1186301323,215820.12092964034,295221.7117365285,574190.0410303231,1103866.971848501,3018065.3690545224,1.0109839455363095E7,2.692149695754959E7,1.5769458856075201E7,3548767.3347463543,1519735.5441186642,920444.176934617,731169.015104172,640932.8166078939,498261.52313296054,350591.07258601306,246848.18592487084,208364.19302044975,186438.8905469542,158265.37761743745,167481.71809616758,133791.8073401213,127140.78437534621,140186.12798235577,94432.31337861487,89904.43579053176,115242.20709919577,87955.05579010404,90864.26141927805,107031.70801503847,66929.69468621223,68888.9755308928,57939.09984689357,96551.59080580222,82045.77627050792,72198.21570831344,79633.2846549953,72096.1297968711,19.6
276.93923362228423,2799.926278827287,7232.869619280201,1972.1056976637014,66.68637328733091,1584.8003701682612,2148.0728221059685,1106.8137927808918,5040.223533784494,4756.023392903604,3871.654902266807,5088.869958781843,2514.4573321811927,1526.0585227345243,12970.885154431853,3083.2961321502303,4797.831807934495,83.95342879690203,6888.048521223163,6732.59675166645,850.2925785264358,7346.569805160025,5661.7469545005915,4225.37730214981,2776.0345768343477,4317.354619992778,3004.0874293675056,3151.1600133174875,241.1747565499375,3412.4972085286518,4526.265498182253,6471.237664401692,3508.8485660536157,8893.792452776595,7948.426339820713,7770.027865602209,4388.538518520424,2976.9432110081707,5855.358986095979,4083.428664243372,4295.374426427419,9172.831279949882,9672.649043313526,6961.783276081009,21462.994743703955,9453.18682780905,2163.3698454143005,3198.386134054177,45206.08872515979,17101.462845895763,17012.468939294733,20444.637386939154,20929.015030965475,19240.579564086056,12569.999184688164,11330.630163816433,18118.165793780146,11784.479802795504,16347.020848313627,17881.343202614597,26182.659128885443,22294.652923521317,22349.338614252996,30749.948296466147,26179.09309827801,32312.795930444096,47592.09592182838,42541.23717632402,38494.29118312731,62556.15310144041,72619.39052580841,93278.09227851823,129011.3765045182,202531.97351125037,274713.7091938477,493804.66119066917,1121396.3842275708,5630309.896959074,7.927056761476871E7,1947783.1045638165,537984.6454243101,230869.79271090668,117165.11769144694,53107.58452621939,28275.556085526172,21237.66530178221,3380098.476223066,4220851.731333204,313292.9806579574,109861.17701904516,46700.13322059882,35245.90427602115,48056.54332211593,18926.393532803853,24998.913040012085,19779.91824944946,18162.760706644876,8037.274109364062,8960.85447866477,12109.725623980534,8212.15089943297,5164.5293725546335,9594.867330257543,5757.90383532741,11983.383732955006,10804.197642716006,14202.399198680743,7766.380021713432,9285.60305190161,10968.304403614155,12649.732641309776,11095.351399883002,10208.267575088203,5330.888440924359,14641.536410169141,14789.006362209282,17928.85720136555,21729.13718225088,19262.32031779379,19527.29851585684,24429.80230729066,26649.91566145925,51266.93548118841,69479.58081173048,105456.75805665416,112529.04594351322,4743.409000819417,22513.9870651701,34447.25081079298,68009.2724240636,79643.80046180215,164686.99324906612,293568.65956844616,729924.01560399,4162874.2851431062,5.7951186251653306E7,2.0686661738259584E7,209800.4385263418,131343.61714387624,127809.00228485455,157216.62135883977,424732.4101551544,140863.79990935253,78003.42595042106,5169.436683769943,26826.00844268834,15422.827745830651,15528.527333067246,7716.6771454515065,6446.029710136818,1115.4677723008083,1808.4380342633326,3381.6733047283824,592.9112099323214,1396.1013366856469,1378.4894902995127,70.60878821539733,573.9429044147709,2088.260484348528,9552.18484524134,41829.20360712245,419075.3356733827,184053.16124506225,41339.04676540372,16218.685220911342,15183.457214237505,7591.755874598493,12773.86510270092,2824.7613156358375,2812.0768511118863,1338.0442618274744,5169.553474687702,3698.0776187759066,2468.6505916299006,2642.5083242429123,5361.051187095648,3654.345083310516,1964.5700769081325,123.31884248298887,99.91488289192851,890.2450261641617,831.1567325580825,1378.6623164380621,32.84185038379237,48.083700150203114,695.0674031556634,10174.823135115146,17115.67283831445,2807.2326842533166,3573.3381962779454,551.5390826552579,1641.941507512934,19.6
5010.97268017145,786.1911129638572,1636.6630690343468,2207.7991477768387,1600.4045670745213,1536.7325571104525,284.49945105459324,276.4878437318934,5423.199211782967,4092.4525607104583,438.7760541670352,1069.8153240996862,2036.1967116939086,4041.6451357293545,2341.0120681056933,122.62636845348365,4792.215384452705,701.822831014769,1568.734646964455,315.59498669768607,1659.1445428748452,3901.5108174415686,794.906968244313,1789.7124483128116,1814.1638615305353,2553.3911187365097,2381.2381264455803,2132.6504513626455,1621.188595536163,2269.667555443822,3835.500255183916,2548.6353245393434,950.204566419595,308.9246960606029,3916.867062986357,1943.724809512948,1715.7839625133056,2408.7145740441415,3307.453055644819,4789.415352354676,5560.491151832905,2597.5623779379775,4230.049308583291,12049.200174726338,2470.0440990713237,5808.684869159056,2687.0078369830917,9580.319257565296,18619.22495202381,3776.2361271871077,3134.8337257600674,1223.0028735309158,1983.5280572149877,1080.1876656253867,3063.5746003394665,2315.577134794108,986.9520291500968,8844.283438072025,4203.726347727484,5235.184924686969,5546.106416151701,9817.347768087151,4672.118217241987,7295.959210312809,8098.506802734596,13485.13188496302,7871.23284026973,6767.13713165351,11090.57286764436,17527.797095359754,18630.603712320197,12077.963933425663,22686.845413546285,46923.26858314567,55906.126468143615,111984.56058525838,205524.71326575312,735914.9665013776,1.922484011388874E7,527717.7364929483,103109.81990028072,39444.97316439957,32812.69033076656,27826.610410161265,25560.883305510728,65267.53154041868,1527925.6455160007,1488753.6529939985,236101.14205239556,48517.22694654364,23477.76953881068,8648.958895827565,3568.3524163413135,1440.4801886552893,3465.636485292737,1207.3001643441225,494.83864347320343,2818.125549924307,988.5659813528189,163.50761961201292,214.26392765632764,110.33520080267719,568.5553154149545,518.9753561704389,399.69456821192443,816.0712262773047,718.1438073872296,1487.4385255354282,1386.6566941029546,1844.0642886450212,2117.2254221617054,2944.359430963369,3331.74995661593,3033.73797614414,6986.179262627498,4201.903663271956,6973.132954887212,6840.395619671131,8947.476281457986,7964.149009446748,9483.931199926612,11784.892722374047,18643.786802620198,15937.118320974729,7582.969156909481,26614.053333975775,104392.906134874,76771.50885584373,95315.77844648997,124844.6403071918,180375.0789036566,257531.81612882577,532921.200217229,1198605.1213689942,6208778.524597847,6.872305249743406E7,8141799.33306561,1112818.6555919345,480871.37991721206,254354.0277149211,30867.888841282955,347670.29206333926,114365.54714974723,77917.31307590932,103627.50797306352,66790.1345959352,48613.8987230746,38914.29010984451,32711.78493498346,31375.058402720024,24849.44880068423,20207.52271038479,30208.95923818022,16481.300337716842,14179.167253859256,23356.140509812933,14350.42620225607,9626.691145341072,11437.707782186579,10574.982021442373,8003.453805519567,10113.24768333398,9761.063760151472,6947.806950165333,4790.095882544079,8382.945377335906,9222.31473071116,5725.619410469688,4818.0265791219745,4360.182394546034,2056.8999043300114,7077.700855051545,4286.615315344703,7422.282035715012,5693.676881628957,12036.135532355973,4436.439496910251,6259.478280069909,4038.971195196923,5329.001432121787,5100.306253682074,4924.754679957295,5353.239080933023,2027.2158352981287,6987.482252647787,9442.277284125781,28579.141474221775,10993.445407136638,1651.0743425732771,2658.8764594033883,3144.7913310198815,1913.376985711388,19.6
884.3326146171414,409.21851373697734,118.81776944860873,3541.425796003582,755.7066787997402,1196.9028694934793,1819.6412821594538,1220.8279568391117,1362.0508101751168,1920.18453144536,501.8939863505882,709.2717596760806,648.2248380558282,1400.939331244751,4300.619962717407,6389.160646126593,73.94156014391177,2769.191840837601,3986.8074690728486,953.8439669625384,3210.6415659614245,403.76472026899853,509.87705981967974,94.265656217583,3137.3697917713725,3316.691756599802,1403.7088480045436,62.29928497347102,2920.6476459227238,1731.3017175039756,1530.8077870266632,4017.446038559643,3192.572364042354,1189.1584226061534,2591.724051842194,4982.355963445129,7494.190884256844,1336.3151361705625,863.9659300282026,128.38389928331708,651.4152388634818,67.69769860488944,3171.1328176119623,7981.276258636996,1522.350531280115,2567.468223589077,16135.215617020482,19654.84951435715,119096.19225621645,2525.1936887318866,927.0091592884019,1175.3141671226201,2491.006651886602,2051.7642696621965,2848.9541570070546,669.1332679413304,5228.910300515208,21481.168503652054,3485.106498803915,13822.190436372784,32782.948679147885,9463.541462632973,4425.327270496824,29877.162327089594,14143.385521184875,2449.441289578745,6241.340126810585,44220.832378872256,71566.1150396033,17127.12522470954,85846.83271085899,320117.58577506203,122811.78095630188,176641.52030699432,995665.264537259,1096128.5197190843,190387.268481398,9423078.97747251,3.0792306127368253E7,4453424.423393665,1230732.375224343,45708.12347522026,631317.784719859,848801.8758925658,237435.36690521953,305334.751946812,1.3413642414691063E7,4847225.687259079,240079.2845109814,538511.2673071596,80475.01468300419,93084.98194386196,175980.87487784657,96638.2045231199,7727.939594542335,96255.00343998018,181988.23231148763,87498.03572997273,84195.25371724533,232857.10606406385,142057.41444226992,61807.417375291494,199919.08802435774,157101.3426707202,19610.67283725692,48822.07877722188,71510.39577379383,27577.013230760556,1066.3394311634456,15222.349437190505,64692.213843994585,67792.90771232189,26896.098106995218,100568.03417133797,114379.98854740908,44128.14690173625,71885.9510334504,123819.5870689442,32745.792563909887,8128.595249588756,32849.28031617236,5793.196955110491,6719.594433964334,23186.906884056592,4359932.545155181,1.4724714556334302E7,36834.24089293714,2114891.715889993,1366027.351278186,144314.48561434905,632487.3816696007,1475866.4779111221,226207.83643771184,1035142.4493434862,3603097.5828457116,2.6612986241876855E7,1.7596903607970893E7,3185521.4957777397,2716041.2574902293,9881201.75812841,1.9861093691956438E7,535317.3229666462,255220.8249924404,557442.698299949,726147.7982978192,60710.561764182574,281296.84761137026,356159.1348697391,149839.77265446907,123649.97711835403,278597.24858017446,351109.18457257294,673496.0681954273,1324016.356400232,1758261.9884241887,2594995.9082359686,5104804.848139425,7259884.598250283,8630121.058070023,2.2736273781681206E7,7.180910608226436E7,1.8919331127547157E8,2.2011995024036765E7,1102656.6754125606,1044730.3404773357,982920.5039242603,1567055.0874379082,2740640.9971396294,2334529.794627515,1661053.4705227085,1698136.5781927751,1168256.038234021,594374.6344533409,621655.0938788364,219924.293721846,73577.79565543142,30921.30954754696,9554.629518056518,45434.47266823664,37291.220705467174,83985.01081394665,247406.91479529164,133622.71165033095,164862.20496082274,354140.56457889033,188874.5833840139,987568.366864874,99617.2151008105,38172.525635109865,321.25238745364675,19561.390801424976,4904.258525553466,19.6
974.0675366581218,498.4197290193148,4289.776785865333,3559.9822516933864,1644.797229442149,799.645048717977,1500.9868723008485,894.796281910937,1938.4711672086514,727.3957739292819,127.53473443879327,391.2055139120663,2221.5602549883465,4015.3652389512226,4704.850289765283,1843.9757766003586,717.0886949023633,2205.4059869717994,5984.2525182775935,5277.9624573659075,8961.499317631626,3050.0389532224476,3274.66754257508,1843.9549222584858,165.54047101177156,3899.283223856195,1958.2288748858482,6623.47882892011,2827.562518509373,2107.668352993183,2562.6090783117925,2423.5631625600613,2435.3312674968615,2377.7909063141683,3531.41020680209,2645.9880501629264,3372.3061039629947,259.38058638458153,4995.460794700201,4763.914786985343,6929.6473719977985,3833.104561190074,7911.7913187461745,5668.733015685186,14529.44787612584,4120.281979764766,11492.11572557516,24035.349399722894,137020.6331964989,87640.52470059974,17550.68006873884,7236.0489688498565,2586.6260581379856,9759.810542889703,6985.295510261628,7046.222174676021,10792.10435787655,16334.99614056165,11757.556889830761,15328.744220488192,17416.059263374773,20060.588434612964,20282.818385037812,9863.423874532964,27684.240458120395,28200.876891584594,37317.507215448255,47077.01117575318,87630.31296144791,68094.00400334266,87802.1951837798,111940.32441675673,177563.19263163547,317809.29677577986,357910.34790787543,718578.9837307881,2779041.383023184,9190496.051611455,1.0692260716796458E8,4395737.605190714,764465.0915788759,488635.00057226955,399270.0498650036,234716.2129810538,169468.3929714979,116639.56332975825,4.1448964046858124E7,1.2453728153033484E7,43528.26511121623,24852.681099283105,9008.954969453924,7891.494890904988,807.4347107123617,498.82787867329625,5002.274316059287,7206.714340732164,666.8157150425001,364.4951059439948,2025.6272779072574,3248.199840852961,166.96215314724446,1022.3175113933385,936.312336811071,3340.5619226468325,2124.821251062461,1634.4857176046926,1715.438239938737,3249.059395370353,1481.3941237801075,2645.3814292076636,2557.81462564134,1438.0175961876923,2108.6423796994086,3525.039585241017,3474.1716043386596,888.0410503734954,4263.950484389705,8912.273849622075,7999.668119804413,13068.234946274593,14789.85491335573,44405.60158610571,59554.49528892014,133041.597807258,837832.5008205144,8841528.041199462,1430249.385629651,216146.22728696093,55631.15168647666,17343.05690439953,12432.61251138083,3456.0733695678027,33122.987489263694,66544.05239671785,209154.76626426913,8877610.702535665,5.046639238349547E7,1180171.4712455664,1376567.3608210203,1151454.9726517366,537347.4606090601,1.7819463118114002E7,171575.18473130214,119153.86563271994,1340026.0181170856,33905.799069519664,6176.506244096403,7812.919251050222,21170.13779074577,9497.15668622596,25689.62128885887,22740.102045655953,31523.856802878156,29485.84669168368,34091.16426151079,55181.578210045016,62102.96558425548,104881.39346397869,137484.13722378874,289452.5858034558,644475.4898360928,1896837.5312568275,947876.1580604475,227394.71500623424,115144.71534739068,50660.92808682392,30475.220478549338,12956.227084519021,12950.292214522573,4104.498561865063,10355.475482488842,6104.647668007528,5306.595377473062,2131.304606508387,939.7851349720836,1513.1623169158797,1548.5679106926896,3238.2271743166284,1408.286309762664,1302.41358509473,254.18204398829113,8.217712187906312,6.163271980580983,333.05190143515586,1010.3768044053859,2873.086208296911,4258.410748276367,865357.2151761024,4490.06698215357,10144.499689228207,3189.0651594476294,279.646381634746,19.6
4434.935563355546,2815.202800864841,94.17511048482073,3231.684152067921,2727.0516886250184,691.450380495924,772.3792570534533,308.05747064978647,2110.5686364273383,2078.311741112949,4757.717062433054,550.3810049872936,8046.287258137087,7032.472063233739,1130.666640286775,3187.1558040806885,3016.798812775181,6014.178664324556,2132.1124427199184,2.798217810641591,877.6120395877895,3729.8507510888057,494.7350099239436,1170.9551222535888,1521.1781753226664,3108.1555248068225,3262.658897173007,3848.9398141657994,2609.714225654129,4452.49628578529,599.3422837840761,1658.0619842205924,1149.0779814445943,3290.8333886293412,2986.5784791245865,10404.851886079012,10567.178362256853,7534.919419720125,2546.7790291509878,2770.3985376675614,1726.7660970722832,2109.0140340729586,2582.6799111387354,572.5267174320303,7324.2527443312465,2844.6957996495894,799.2655772491546,1200.1654755040129,141165.98933004992,14655.239596893285,16562.01600880024,10150.93789206286,3761.968789212923,5165.7854242070725,7147.0069777891495,12557.572559593711,11570.764256910217,14842.477244365917,10887.630251889032,13600.024647070966,11786.334909336192,14413.589361849405,16194.348183192631,19884.775420539543,25065.297888888672,21471.228958316966,24990.272810377224,36311.846895201175,26092.060587993263,44006.437634713504,58826.39074696865,79269.6653213129,122714.25063605256,141519.40468396846,186576.62078239897,439740.45464454184,1117586.0790572807,8801851.280125676,3.318040059879236E7,1778560.7249703067,407395.88906415185,137098.08639507383,98203.64603542375,81353.14834602088,88269.95022407726,40221.09788280692,3.6567046679061174E7,4309172.261795888,244301.2958167905,111438.43382587479,44207.029680181266,38302.4766579724,25070.19945444497,28851.143273514826,16265.815468017337,23094.31825945137,22566.601846999143,11614.737656390267,9099.185850661737,13022.341370282267,17440.386372488483,6306.0591191286385,13022.71219129215,7159.092020627087,15060.077830289649,3214.694816557977,3865.2174441289194,2618.110150912122,7968.306000976521,6690.940050873269,8816.250055220853,3416.818982278413,5261.256072852994,10430.965070103772,6287.550022515633,1132.3536251382707,4409.848519364385,9971.120719895245,8119.422816427943,3912.4661838842285,2373.383944497552,14861.170822402373,10802.11937727784,40555.60786181383,108033.9301570931,221295.13122069978,48337.01694337167,20382.00782562156,10239.499483928794,9139.514048944138,3242.2299733544683,11574.737562793103,43455.05886346886,173646.58838252164,961515.3034497219,2.5387180061086293E7,6.229055571142497E7,203626.33794851188,203419.3938366893,1041210.2910077724,6268555.556686887,176136.76448703435,2543.2852381465823,33392.5693360413,9964.48384341652,9011.274282309965,1837.1870743386103,1331.3966890201018,428.5275948618347,884.6170999796647,117.90743640276993,41.480970161728905,510.40677274809957,5117.786595782574,5760.854979017976,1749.2746960977977,831.2095818420578,7545.6593458676625,10303.03039267292,9860.511581461731,18769.68273533948,61040.09134295338,21917.807856993393,1974.701922557498,976.7255318673739,1096.8963181466822,540.364375410336,228.51078521115875,228.67931569761288,383.8494691780753,425.5732546276744,1942.0427607076767,2001.4524709772036,1154.1110172643662,355.864246921423,275.7912038049392,1352.922974767609,214.17924667191068,851.9888798340008,363.4014095411908,3237.026113403729,4274.08490169172,2596.774344724325,2919.8600335482997,4318.880013246967,24756.202062626515,368639.7653004364,190203.23429738317,37063.92492898254,10862.585834262927,2600.3658601593124,2363.1835899424173,19.6
25.858481519179755,549.2462206532894,1120.1823108203125,747.8246148888745,3443.700196448819,386.24324799962295,1143.3487959479169,1108.4959056355974,69.42882160655058,2379.176408473578,4077.241036213025,1061.6201698484224,1636.8138898452391,1163.4892031566135,1020.938129810492,6457.745224878516,493.822385073071,76.6241586013269,276.57115913669566,595.0200963662394,679.9471873107574,1299.5011207695675,650.965334917617,739.845717179883,1124.732770829232,2603.176221160189,99.63760190745245,1849.4282672691306,1734.8471915147861,558.0888046988085,4127.461798355033,1151.2087467358724,662.522690413166,814.0732038780404,1937.3149212539815,1746.9929632753099,458.28230591458885,993.5598129431074,90.13443693089393,1008.3062200727704,121.88570447335168,1577.3091534239718,1316.1526067369712,2251.667065206477,3644.2510204436094,1512.929876094563,6740.224721466928,9988.80630235882,43057.171934595586,32641.71580068375,6769.74410680778,5029.130177086147,3061.8262526448343,8516.257568950663,3547.5028465732476,2235.9429011098805,11871.1977046619,14603.215964573805,181.86561728778156,21897.087454065433,19632.96507727807,6241.941212936956,9469.024906932857,36987.52591849597,15993.963470328978,3003.017676678002,30111.17898286529,45880.69681233489,678.923438810334,57262.40293218537,128637.44892281342,17498.387450819442,81745.92290758685,343390.1157870258,173751.33722818134,225141.51386667645,2530068.5385313416,7885511.660825967,2.1691036720947742E7,7205819.421420036,2187859.9197256505,636.3471645207001,550631.0823273232,498440.35547833215,44233.8994518928,1979929.5081075518,5207492.568102813,4419748.373017225,482291.36400172487,154978.36345179155,391899.7590488812,84888.4904460721,27245.32640669255,174837.37221187796,67065.3547039787,6233.933221663093,148397.42796142245,131222.60058781438,8139.558357974051,53041.568141901356,109036.72137808634,28534.698197140555,22363.28582942798,103799.61137135464,43118.454641792894,4981.375894176659,92691.98036993008,69727.13167122654,1139.5802018103154,45519.816994265595,86340.40483900005,13064.221820925139,33262.48310166769,101087.26746248304,51787.555142188605,6522.428318669018,84766.22989777496,92056.20844636818,5203.020001533543,72237.57371009208,121462.50957534065,32515.790894144426,20155.526580996644,24070.756262268358,37994.439980322204,663490.4677657062,1531625.7218932232,673348.1813243739,14465.33495987096,435467.5524219505,960329.185374192,255266.64717701497,526605.6302350125,3020304.9400542215,1.0085090552784111E7,3173611.3678270136,1.8395667916163925E7,6627688.993322037,1042920.9628972992,3289094.1686143703,3647728.89577502,299679.332178266,179672.49777071038,133581.18435465865,2663.9430323508795,113581.43642259107,244493.23444854334,86589.36358477463,238658.21624679668,609963.7173970294,446531.52424957877,177862.0744971523,461710.2967551276,575262.4872490822,114173.42996987535,899047.8624977274,2617965.2258375203,1911764.1974820916,2819095.166265494,1.6792305426147427E7,4.1411005762107566E7,5.2419422745445095E7,3.895681662161158E7,1.4716738104799228E7,2493261.347840774,2954649.864783955,3504897.325904973,1231381.1009477542,324183.5862075797,756484.479244742,378143.12979873706,99243.43850670393,527859.9153264277,468592.4253416706,153940.4803285182,267586.9958765782,414189.38118547306,163870.39354201203,54037.014302121286,162052.5121555838,90232.87621288997,26213.441172096755,132472.3468756306,163037.85102018216,11128.686863744297,125420.2051623924,372397.01845495903,1871.3074958967927,49841.162877673254,23707.06671049934,30272.700554952404,18749.441127034814,19.6
365.06023132679434,183.0128207095141,1777.7037514154486,2223.0127199090093,1674.120748670002,495.5238361866315,643.6437141524337,425.5179411042061,1570.991846121956,1242.0148884751493,283.68360441941724,5260.502952552523,1576.1501845751143,1452.4896426657535,4961.433077453626,1118.7326489360437,295.51719697822807,1364.7556794673444,2670.1740951050874,117.3181264953514,4288.683775186868,3065.206518218021,3061.251906349883,3101.4919670127447,1311.8739409317652,3770.534331944195,3302.932038130894,722.7626660489035,3907.049771520432,2245.7779095136693,570.2895468737593,2618.6753553447757,5876.776122149189,7106.742897537656,4767.229208118078,2887.0123595784225,4284.945872219045,7474.2078309665,4529.913760643616,2533.5956522707106,4817.830490708355,7676.626566800629,2082.574325490858,9185.118149329654,631.9769926019718,22220.08302756377,22283.145526103064,19020.686645243317,292932.04154850333,1170.530470948121,4405.534887027423,7772.172743828948,3979.487956001971,7531.1167016421805,10981.239856678976,9059.972633490097,11804.272041494438,11644.734974439696,16058.868902643704,9326.064430124503,12772.522565528601,16008.77625952054,25060.593169173426,40024.114737077594,18418.94016642292,36140.771721642195,59104.92758913428,52599.37230727819,37993.061216862865,81787.70406817399,112760.72179815597,152901.51353799686,162358.1270692708,240517.68389825578,429007.32822662184,764474.0975702354,1355367.598792679,1.4637988673838956E7,2.343829367538478E8,1631800.8576409565,909043.2886753879,380106.9441688346,136187.4614094211,124489.48066587622,79350.94746370378,26250.02227510828,1006013.5936172169,6014050.563590581,536940.8145366111,202400.91493680177,87770.36118217217,68944.65591091875,72474.15673916176,43958.12635159705,23395.83022076995,25757.797869787915,31318.376613150245,24111.3970674371,18668.786280990764,13307.159135822101,13037.620349473358,10983.108039021168,17069.31441399651,14499.595860730396,6702.602966373823,6962.603808963897,7971.416545934124,8971.181677164708,12186.382040578052,4742.0742968465365,11210.603866627924,7916.9181853447735,6480.5047061034875,9716.221600722773,8444.024272760078,9939.487860774101,11083.057663914733,9848.813977147427,16825.5599004795,19576.197687031567,27362.82821077708,26699.68678956138,43913.433141214875,53565.72469278204,872068.5036757253,1573121.0418316002,60420.7371688856,80192.94137688672,80900.27181809023,70416.43883989367,133403.34346741025,188277.9779963578,331159.61181774765,787625.5063241037,5255882.73451142,5.8345256574593715E7,1.978039511489316E7,1166159.9592642486,573342.4370716286,905773.6932956218,4381714.148781052,1478192.3647800826,324032.93423442077,2161.778478306557,1521812.7905987434,285593.9838977496,222327.19804782307,155715.43797057137,150422.31278767163,143299.5549932692,116428.3017549613,117317.92709378936,148255.26790812195,147713.28224835356,163746.66940213903,203300.00841853546,243145.21149781524,415721.66426971275,673451.4511287063,1290447.537901956,6949708.526038003,1.5512458038868245E7,4973295.108546651,1194944.9575189892,487400.35092989926,292677.1089550647,195064.49131269386,132801.2649679686,134913.62105433564,87757.95620012679,59581.323468015864,70637.95759873971,61081.83172301151,44834.27618650101,51318.37025155547,40780.153274478944,33729.91596786647,49250.33960971429,54026.48936307225,29792.839634701246,34768.76057874909,35431.308386789715,43303.957472396716,48120.19934459086,45209.09038507361,61963.006610260505,218884.64066362334,62540.306803592466,27.106708256835713,2959.629459221483,6067.912963931211,10480.49005365302,19.6
2860.4323026391066,365.11919653521727,5459.793112834157,156.49850554736548,488.2219239476472,476.72851881033955,258.35948653518534,547.2468343098647,7097.356573947997,2109.6908067542317,196.7265749682596,235.0294577227641,1219.162023186232,983.7065054124962,557.6393379955042,512.1740094030819,823.0951798620972,810.0153477403861,1030.7433425022953,528.5922695529166,219.17864363225985,858.0391228922808,5.057136510287821,2968.9612631724103,5976.167883306431,2449.091056519587,407.3416980326195,154.02606743665584,2202.2338865348365,1451.8608476479371,2066.0123145640514,764.879051061462,142.57199901446768,2244.935710897187,3902.286317755959,674.823699795086,413.33186759762,1403.6773779003377,4357.408669638919,1176.9770124829893,1571.8404128258867,1505.733385007617,1942.7880933820788,32.13281250164684,1873.1633259946486,6638.94517901787,1128.634097921094,521.7071314420915,146903.11291234815,39061.757940514006,16567.61473506137,10660.269496471572,6326.652993820594,6620.506355195544,6951.4618243256355,6196.81959793275,8278.284254099024,9536.494067876049,14380.927803437933,3053.6624186438735,7549.122770839937,11321.98832639855,11410.459982682445,18705.810796547146,17289.61183219011,12189.353853257775,23533.550259739,13365.370689370482,17668.91407586674,34341.207366584495,62552.80966601608,77551.26808939775,62076.34915111588,67735.26438206506,194381.98970102592,225517.95051797372,821020.0325770921,6215049.180682544,1.3905031940928867E8,2332340.4446293865,571962.163514769,407557.4136014504,233954.50340408093,212611.089908387,189454.445412283,171952.6960202388,1584485.3262833813,6429734.674792801,108299.64976956487,2722.840439583431,3763.728003104242,25304.05520015199,21545.999024471494,12088.54200601201,4337.072055666983,5152.270403017802,12859.206200527413,7744.506137226522,5261.879210940782,9888.070832437095,16753.064851657844,10002.841965081536,9103.483287874946,10106.279645552258,9600.58520746393,8971.383294015728,10240.429942081226,8532.370841293374,7094.047891211409,6266.404489321487,7558.261785125133,9025.828415263652,9198.196757381444,6226.139545104225,12185.159919336385,12472.41819371779,8831.460808797763,13220.059880076089,9354.145263669636,12112.233506304125,15516.85212944245,10787.285400195884,16386.712455988814,44250.472777361225,3093.437056468765,89907.41531782289,79047.78534455143,65062.92988873868,73125.80893849581,76983.8442320898,64144.19750246042,165952.14648367497,362373.30231464346,760852.8017834567,5618818.757879548,7.659442428017999E7,3.466624883416091E7,157891.54133741074,209702.70662753552,149250.8714147917,454178.1483611266,786624.3195523431,221138.98060075322,18474.067228787524,118887.01753400521,84423.64441671623,65004.08206874046,40545.212911884635,39842.6789825431,44393.53660919849,35425.32196682842,19128.043013077426,16338.696111668136,25745.038083747422,28315.332506135917,24864.441185923235,23913.26692429269,30047.925389843615,25083.952414347634,34012.6340379322,106969.73959041298,450994.47658282716,160102.71773559958,12573.11038558004,3831.2063872886147,1285.5205826361682,255.77683230860126,206.2323048057442,98.46258026989344,263.398340099267,305.76622123488363,2425.2922335245753,827.8271578665153,1405.5509597220005,569.5208749489626,749.4889343563308,402.00062989045193,917.7674721002384,466.5979151214921,3105.6837194616064,5257.035010412728,2520.458229999866,1693.3620593118258,2837.6027153680607,5532.646088217613,24800.55404945831,120596.32387690342,268209.5973242916,20106.855999810068,7416.124705940931,3255.3006752865826,3853.602094800519,19.6
22.774154372478115,311.3177915723244,1812.959783445813,69.93730995650303,1733.6792360209024,723.0591683533764,6617.266372325451,2575.790021895378,2913.308686320056,1019.9482506423535,27.869323314750503,1470.85423274719,196.47759571799676,3405.0751163506793,258.44870341177864,1465.025418871959,1473.694832815531,590.7144420178579,734.5094213297176,949.0527647518303,345.2190434340261,673.2617932422849,691.9987071460693,1713.0124900079377,718.5880458634106,1138.354257851479,2139.50967440922,1750.2380333578956,2287.043637802376,1556.647974616652,591.4810023526079,3769.823590258619,4558.165124299809,5592.172771185514,2424.896457310615,2361.587951831297,1852.540214143864,5216.786685036229,3170.555223030598,3381.0975049297213,6157.209072328325,3048.291328976068,2035.2990722018756,8395.748660571933,5417.556578972264,2224.950653818868,4451.223547857452,14620.068980464515,92013.57961028225,2792.6020544743624,3000.351775878792,884.1077776474463,954.7978891893118,2522.055382921588,2717.691755879138,968.1833536383612,8321.499323011565,5689.243556023196,4337.614711705657,4721.055212913833,6639.173877234261,8037.6536841778225,7762.900994294184,16331.225416995785,15564.573043065382,12339.558574888266,14298.14080853485,23339.042361427113,21024.98464584064,28029.719452942198,42015.193776543056,58838.965151203316,56848.8691893796,129742.58385687867,160374.46322395216,274487.89065968595,850870.8664235356,4482072.914769453,6.2622006485877365E7,1780521.2598479837,518932.85274852935,271287.16098364757,118513.12521282406,78126.73511160145,73360.51507959659,58331.377173464505,735645.2396985273,855610.0660711161,390083.7843988318,128190.90287446606,72384.27893699407,70929.83389256342,57761.61985352228,32171.75778589104,35907.96885020522,25954.12970744794,21888.757342498022,24920.828084923447,21666.10212398332,19873.621796254876,13012.583075938834,19124.233400954414,9347.213893264196,15452.67711479584,16848.910925437736,25210.5102769725,18805.206775843275,16585.019953096016,15621.741438264211,13860.462236729707,13321.086214403764,16375.997738612588,15897.16434264155,13562.408727430055,18428.81041055735,16132.134585927704,19359.97996548397,26824.73142915827,15758.029181886226,23981.994029676745,26406.177746801404,26229.099485061706,29762.66628935998,38934.787373723484,99378.39053938862,732895.8340309551,106539.6407033114,88432.69768683815,100592.93829294863,132913.94073885411,176182.95182169412,319127.98639682546,522110.5780223484,1122323.4152075502,5565222.152793892,7.827956888860534E7,8320500.7306118645,1157890.4934378748,580422.7554396862,511018.43552342337,356619.3144665463,350643.6832374124,118558.14472302175,104610.24670950715,35136.37188599759,42989.58271868677,30301.646963307772,14340.364731336165,32162.481271115295,18095.839111978872,10351.667034080363,13685.068635202422,16333.423710394045,9365.351186916938,9057.522221744555,11427.558781593909,7245.9022201982725,5673.0738311411305,8098.99888415199,5683.726017746806,9013.156505972822,2278.9374169213143,2920.9700638801305,378.4217597060849,4558.648415724642,5155.23153522304,4473.010902231864,467.3087801457847,1003.1594898895097,1100.1874930821577,4549.867524461165,2905.1494703985445,1677.5893117460748,929.3963660658366,5489.661601530277,6093.54127089202,897.7906538379106,3661.5822979525506,5458.524930715748,4763.192602751166,2641.1981612568716,6160.3770087753655,1206.691608380399,1085.0512695432674,11913.644306476292,8881.596687206009,71296.40837868866,56080.154806952516,9210.951721255164,4195.331260356383,1895.478717670042,1046.790690631303,19.6
2168.8909797842553,7377.218191111141,195.69952259498217,4047.97575042337,10715.452529695196,3715.0098685604635,3049.3386417357474,2627.256541372918,3342.49442249621,4271.555265834969,7098.976792985748,2682.5134153493636,257.4630222683303,3893.6405463088795,9775.293125569671,8161.875009192778,3550.010773794549,5407.180267770842,6645.271767883596,6048.494176706333,1076.3223718136665,1499.7485377544156,2160.7177275986046,196.362099532053,8157.96626641878,5678.980493875393,2409.6790932620866,2720.5694811345097,10732.707413229551,3822.452071510595,21.999749035508483,1713.2183158266967,2923.9548614373107,988.7455446261621,1513.6315081484781,6006.1795692968735,3941.416642852172,193.9974679473936,3192.1787568008713,7724.724064965948,2599.5076282928953,2531.409401457584,892.7117838925819,2877.103745261983,1500.0107332867394,9475.137621558977,13007.206194895341,3339.15259194999,360273.87563286285,29598.907541456996,15295.510382192588,1631.59967352579,811.1669441752358,156.48989854220963,615.1202782447729,1402.2982855015312,5826.830941342631,770.9658937147283,1284.5062838043216,8337.080083836547,17372.14150167976,12210.134104035744,12590.481011246407,2891.106726507113,14633.200441248671,10275.010636663517,14926.487743851705,16089.215186096946,16452.07556971463,26103.394479722636,6615.446378985585,37222.817105765855,125675.77234283951,225086.3239280177,328861.9370076599,654119.4027249223,2298169.3253206075,1.1549222252169792E7,7.151242643391834E7,1309692.5854078298,11566.776020643281,460249.66885555687,644467.1145633052,266542.61630544026,148008.87212368692,996053.7089876875,5972758.459483316,1824402.180108597,43386.87083561704,269744.56914904714,34074.70905771528,5981.012317896957,16491.397966419674,87526.6238633395,84278.25582112576,62978.45894308921,31689.098744797848,79293.54260162641,92924.27978178371,40867.58814547062,8880.496239117083,14105.129983378083,67957.74844546155,84241.512958876,27914.456157229382,3563.049376753794,1368.6402012715182,47962.58561264564,111782.23190604788,92955.74326878239,24494.007559806287,33318.10200444961,99238.9161516633,85036.97896182802,27930.1152489909,1827.136194084901,16860.694666254585,77268.4291001133,104288.69086544879,97411.87548358414,1464.0131024970663,87873.81560466533,181452.573584244,128115.62337750931,1044700.5032746831,3664938.132630556,7988.029305607588,261901.6161486386,535979.3333623254,693612.8013177917,473022.94150784356,98962.47446316661,531060.4933783457,3644343.92231661,1.9494177242429644E7,9.792031780963075E7,9207871.89676271,2193857.5138203935,1504744.9680026171,1309669.7688825345,4541059.809102841,181411.43732033024,186023.77839357173,156545.60364531216,377260.2859988896,550803.4288254732,451489.21799760405,94959.01717023285,162136.29474109938,536826.1863515545,579288.316764554,175401.02282075267,11921.248060096994,2171.4286332575043,123843.43374053822,1180167.8516854695,3149404.2865188327,5616972.768910499,1.0110578371421902E7,2.2778495628681123E7,7.248237362983593E7,1.4708023247723407E8,4.173090095412886E7,3836686.1507654837,751635.9072903007,293566.40424600034,659588.1520106789,1471979.295073839,1936759.8091358556,1626628.0711300052,1289849.4322077343,1198915.8093637621,1047518.8261544959,481941.70958818163,68681.91855318396,38876.709056211264,1309.713503597318,106497.3378494461,287050.60493366444,307004.45317262766,213980.665750888,349107.9203048949,451243.5461861195,257096.21427118842,44345.044329799566,87601.96141051702,172495.43578638413,13735.7881164938,69947.0073563973,161205.9295448048,113408.9189228862,123832.88138355195,19.6
261.47346401946646,119.99351882715469,333.55089745065504,227.23206876876202,9.260157755012102,1799.2098712325871,134.9416323963252,756.9639006806392,348.5081159657226,30.53228428811976,459.5891857796511,593.3264354376232,138.08055878118654,40.245743067538776,1015.0644160360373,872.2846238808575,337.73711304563784,224.2078902973895,385.2911954466562,31.797819350746124,1806.5522258169772,534.2954827588508,516.3591623623831,272.7858439487883,1737.3394530952971,87.62431610372367,220.55888082531874,1008.5805030912535,51.72674025304646,2066.4950223618666,363.2056810223502,529.5844479046093,1722.5694948133123,1484.2788949957605,1274.6894465356077,646.0297691889655,849.1635571827699,139.29066998179175,753.289751777016,3614.8545116071277,708.6680248514699,2681.9265541307122,1571.672920717897,2955.9247669751467,3574.931009131811,2896.285622016716,10340.24432578644,32674.13967485005,489942.48037549184,79904.3964524898,8133.590427809629,9396.131109584669,7186.393309783185,4587.666712932708,1651.5931905318678,3446.6698958709876,927.954346182626,899.8550518321047,1142.0464737770683,2684.153060830768,3043.5343175276857,2377.8282891720282,3171.9738459253244,3212.527033862857,1182.4325289362434,3679.4518488171448,11254.219497532566,15083.790864010294,17513.90956784363,14514.513522846859,13798.887960077442,10840.139594973154,26502.49515136478,52035.88089695582,146979.74772181467,179492.71690789756,377683.2067041679,2583138.453529906,4.27424949530406E7,957673.5000373343,221728.88331940505,168455.69150030267,107112.86002908582,44529.243968585106,5460.805998257423,5909.777434967298,3.105252901257835E7,2991250.6598539427,355867.5309075602,113809.13305027112,40619.95301009932,89961.92813955872,64726.302954041894,55150.16873647158,33029.87598716835,36496.43353899672,42031.29211619246,33383.20258785689,22863.810897122767,32454.917710491798,46684.70123753526,24513.51385479347,23445.57075496956,30501.25804574217,36898.87133716645,24287.728984817077,37045.11720419274,31511.029457906203,36243.0478098287,44283.53222162025,43494.694324783515,39654.2029691014,43065.76263735541,37392.27769626684,53329.65291417803,48297.92629490454,55414.797435881104,77519.89898888272,58991.294597448046,74129.36752128985,96127.20959503585,131195.2160393769,149923.8415888444,301855.0094824487,561789.83333926,4249971.169941048,213087.70189928205,147673.41679151295,185470.16569675022,347767.6279270282,460012.54274172895,1060641.8334069191,1423090.1318755944,2699088.15430778,9363281.716073439,2.1160155077275923E8,2.3576347757151447E7,2716286.858349733,1175112.20184196,451556.38527596224,112397.84779445197,1978853.7815535108,382168.17965536995,1072563.8240745652,634275.8770017592,138937.98352993402,112396.33688819429,64437.48503066199,61559.85488897044,62222.32244881997,54232.71118999684,53796.6447210221,42818.914569894376,37862.803365091735,54406.73240061893,34474.00001034753,47452.526561272316,62193.05633276486,52629.7448023703,94192.61084406813,304533.0638629602,4487688.517580856,1009067.080605708,87234.5813354629,41362.755538016376,42802.956447886536,25034.443730398387,25498.119630818743,17733.410403006572,14118.367254709141,9558.092165693084,15071.400531480158,18349.148577244763,13193.514170018147,18303.078619524134,12698.191417981563,14560.270418704824,7813.890883029675,8620.621012854272,12484.341293830226,16578.72255104786,10323.332672093095,17305.204265731565,11916.015800817924,17382.19052990573,16943.207949655825,49801.26706977605,4181.666035337337,2344.8217947465128,6052.364913555555,5893.836175258007,8182.636391298347,19.6
3342.820919140063,77.94319210715369,1438.6857103397272,2078.2448462667435,6.663056785619268,527.5100872559053,270.408831978442,3370.6365728334795,26.96793079587801,1872.7544222981232,1312.1932965267574,1327.0760164759567,3053.28212273982,6306.918817267816,1373.0467749882876,2090.5597083217513,3411.467599895491,2665.334086037378,497.21544283206845,510.73872880401353,1377.673678058533,856.0028585255551,96.29228151319673,140.10508967367372,1358.2985569834432,383.32885053779296,589.8377139009568,181.2776901998151,618.7299965943471,1129.3124375985385,2992.8981492441867,1366.0619433362504,2803.535050967003,642.3191045708118,1475.236019196162,1354.9869760166928,3092.2595937999085,261.0211230603483,2260.821010846214,6405.931345623733,547.9432137657809,267.4971546929256,2427.735178462983,861.7626840467573,141.9119643137322,2479.849078908384,2600.108998797553,1032.3266468535544,358285.5339760581,44318.026799587475,22688.01506327573,6414.708579380933,8994.559685446678,10486.76655129979,7499.849127178068,2713.1553582724255,9612.525766889796,7771.629654811845,5262.208474614194,6969.251964154133,9092.521067871168,6618.414819247471,10277.634257317857,10334.182399844387,10626.638543739462,11140.777007788985,12192.591809018224,9450.521086566254,18227.744830687076,14078.477225418215,17875.046206645395,23835.171042940197,39286.26707689521,51289.00922832539,87092.60853446701,125120.55116654745,364043.7617958468,3437188.867481261,3.310488948673436E7,818845.3070320017,240285.18202494882,164485.19607407314,121212.91666186776,132981.68132184818,155150.47979894033,315594.1935189178,2.9840341832097396E7,878811.1195057599,98248.28539223503,10321.67291676774,10783.56071360982,992.9714428230402,1794.9581841604825,4378.846826657977,766.6156501482872,2127.1154668396566,3608.859600204811,3278.679297574047,1643.9835456118897,3839.302256881809,8078.49255064367,7852.595347460634,5338.193852783705,3009.652854989927,6900.420559142438,10657.53148941922,8207.841381926319,10597.82234161737,12671.271974725314,12613.888161552564,11939.2057309429,19866.267463112315,19525.75033267245,29369.43391497356,23863.281766270542,24388.022365717472,32960.945379093006,33285.01909322326,39462.48431843798,58633.48337554522,52847.94604882656,66240.52662491324,46230.47157287749,95996.05035008599,46843.13396528315,1114734.3051010373,483895.14851167245,341823.35628957255,379027.59435547946,512910.7983549185,719890.1825049613,1232702.5209609075,1913179.1174018406,5794194.7130228765,3.2340471916232944E7,4.04338792540619E8,254832.9461328256,2710347.7592408424,1765039.7189578954,1169576.0976380003,945267.7274249919,518858.5225260402,339578.351671314,303200.41492660955,250411.81642913487,271504.7047584857,202204.79764056398,168304.5951115801,140923.6051052869,98307.31597205941,100274.72120648407,79635.70619045079,99790.89324578334,67563.6656384802,81045.54317150963,54691.89369328695,55832.519626934285,38779.911228683704,52095.72168747116,47810.0983948365,82361.23638962572,41851.52815123753,60473.69443639624,23790.50484403807,36338.076804280616,24047.80908876421,32166.604388213866,29409.31379372348,36554.700729779215,16358.143112232314,26536.35416167467,33965.91824436872,15543.544595703857,23861.811641951223,22020.592934239452,17833.336517837175,14751.13206779648,16023.348512510485,13092.114108163878,10993.068866825877,12977.377947162975,15869.444114349273,21352.118338394794,24398.950952708423,7287.946560863488,14871.1721504991,315.097505174045,49903.32242970039,19548.539166043804,17096.5478212033,18395.336096355335,14388.813900489706,19.6
1028.239353307094,797.8685615979803,3243.826422465354,79.23003576936992,6112.495535787653,1679.4949116126909,7242.443665898221,2140.9157298283226,2403.712464555085,1972.9628330062956,139.4183781723938,8132.690841607478,1986.8301231152486,4162.38595916648,3138.075273907154,4459.819333824331,2567.752367803593,7698.218562002548,693.6775590346678,5089.104930181902,4147.251972331864,5887.367101738961,2338.665664982496,1955.5463035591738,11052.861515116165,3842.5564000765175,6802.499544497123,2703.9483097663997,11119.326031174793,1852.9749475638214,11289.040389043003,2017.8351617658536,5922.70170242416,9982.719934271974,5455.121671773598,11766.73590093043,1212.8193957527942,14571.775708484232,2644.975322699871,18105.430460053965,1005.1992260910063,22106.400411369767,3255.5938393772835,12006.952556295388,8673.424250258875,22312.754881534813,19007.286217869274,41825.07260930451,22177.86821867767,105120.55880277378,15742.111260662066,16844.980023612396,18654.588627254496,12244.779409127179,19603.01299136923,47723.28761504031,1281.2201841844026,65948.0736961311,2237.1789248871173,71507.69211297337,22490.119533969606,29116.282994234294,39863.21277114166,47179.064775041945,53925.06125534116,68136.58406729391,153440.67411786615,2997.593970088149,276654.6919560611,26226.553225924334,321156.39725786465,120180.33365004242,241696.06282621852,246864.92609155102,575869.9095741534,1269057.8881625435,3088360.1879462684,3.412839597295851E7,1.0681541872242379E8,1.2153158942513311E7,272333.1842450417,1297182.1796659548,202565.21612947492,477636.1882357751,64632.83150181046,1894732.4272794658,4191090.007425056,657967.1143591125,773925.3295156377,191238.6284445781,539901.7444656373,73227.80088735958,174484.9806938575,87657.525924388,146999.15033684016,102719.37774644897,65027.57443412242,193648.49248970303,20320.735686419423,182994.64188242878,937.9112807639999,165029.39044073457,24550.815015516528,112157.70504468215,53237.77306269224,64743.93617526017,80120.17131384465,57489.86294270136,126949.65925264375,26842.279348505264,215214.17827339316,1178.7810559894444,165857.84135147612,24081.373731525113,121434.93076984095,65363.394558396896,98793.908284822,95791.75878031747,92795.04894485572,206972.9401616578,30103.611088045356,357093.8733028673,19025.26671514641,397454.26249529445,375959.9802594548,1186460.5692897446,423977.96687833517,482746.48671253724,753312.330369025,515497.09006333794,1202847.4586879404,841748.7129293306,4267691.737527386,1533806.1624818807,7.711241338898782E7,5.338942409708483E7,8.108574240408021E7,1186756.0788315863,2833454.16878045,755630.6205136406,2354828.5075247064,2506143.1685650293,327929.1756972721,468889.7703846217,1176924.8982638083,334525.98860444804,405036.17004073254,93656.3532935159,253437.3019367957,162815.78702847243,247558.11387637747,529368.7496998576,402679.81959105405,1147371.3318059565,691998.7870443852,1550747.5306663807,1730506.5984700231,2291375.200584125,4132557.265174473,2803918.7090538656,3.0266021627471436E7,7.771171026746678E7,5.638579242193462E7,1.0625857405837337E7,8663924.505021706,5454636.96017932,2647933.7798235607,2472844.685622389,717722.1606653095,1223734.2315902081,236087.25001409085,832014.2563274648,208979.1568508278,672338.7415201692,290181.40770115494,524922.177514013,362412.7961950621,329070.2245426627,344286.5084030709,146045.1091177063,311882.0527759467,41732.935250853705,246861.99023251655,1040.033266326006,248281.51899785042,6445.1887903075085,605754.9156829095,977454.1801451492,314493.0920179474,73069.14407347678,98506.63693305674,76750.56060953261,19.6
3714.1965649427534,2363.9779140578203,2564.2073205708957,301.38455246590695,1073.718371918234,322.3151184639592,1555.1584125111265,1327.9367729578307,3721.27437390016,1232.9537581292502,4858.5870221896175,3342.191089902531,1958.251306523928,4284.14289633648,3105.371070768332,1722.7535616135228,6745.751182718764,381.2221842714265,1020.3920699663465,9376.896568905217,2511.9986142292983,3234.010554001729,2659.7005964685204,2506.4542496883105,4321.352781575196,1629.3282701959824,4577.748183861183,900.5410317488671,1253.0648702823419,3929.389399227768,10403.51298923597,4680.496965444256,3350.6804093178284,6887.997279192009,5497.93433639748,5596.04993941723,5070.019311661619,5980.868853109594,9935.965382410053,5085.483157323113,3618.553506351276,5942.179949901666,8550.095942893347,5112.889443091513,5608.950629987748,10422.14454052509,8175.277388669591,10111.914381274875,179995.0760930369,18163.621707794555,18196.8853298517,15359.70820366696,19841.76245503351,18734.71701764526,14421.96711321764,18543.016644281415,13908.169418269132,16622.487850189555,16876.870158091348,26432.257176967993,31091.626365302203,36938.10901197898,38047.85780743741,30152.64486726425,44149.03530625761,61051.57174050012,67844.94184035293,82443.99067792691,109435.35815333984,130376.66984461031,212743.58133082738,270468.8247743066,425826.90394042316,527283.2859819129,758649.5593087982,1508330.2909901962,3235120.592579275,1.847936331904165E7,4.922777881423089E8,1.032791510501351E7,3310287.283300518,1485961.0669492544,964238.4410110574,697304.171947884,418430.872676466,531682.0670070937,73349.2026813813,4.09579283332921E7,415630.8059005637,55302.878336989124,48028.347621477405,22502.07628438417,22431.060992513667,28982.72142208481,16022.955553398364,31223.87412665112,24672.42776495026,21178.09781109409,19193.924586693,26349.85709036293,18081.915989605404,28715.790894985355,14975.845048503357,19309.304633914006,19826.66512565437,18839.83603454483,23693.752960913032,23372.344760694898,20773.263622015354,28056.144700308825,21995.000941834707,23889.063314506668,23009.35547407672,26056.21445652655,28252.317950499953,23098.152093395252,29983.155514258135,40972.13054186313,61336.52341954786,64547.501472460826,62512.12438613973,80596.36660312692,96108.42041670645,163212.36445351818,1576171.1829061308,2521845.2804582296,272084.52709063195,77924.73290844074,56382.81641935499,78405.89869001048,122698.60788497671,197259.0590046429,361295.5981514952,800843.9279793637,5878828.32678337,3.6340943930558115E7,1.2571940355045808E7,1315737.8870879426,671441.8368478989,441281.98158799077,8501389.84847639,198037.31742256813,113684.96549975513,2457316.778229346,1653836.7629291413,249397.27188971892,101959.54270792034,43318.44467784345,20432.713366803575,17436.73403938307,14300.69840966503,13234.087107375757,12169.91710467434,7687.28171113476,22749.919372773176,16718.04220798593,26699.169108415932,54393.2172616096,100631.00813770609,294562.9752080865,1522849.869271528,6931170.975762909,2236426.7582207387,584394.6832467612,224231.4554619028,131902.9739792799,70549.45912931194,95765.20603827268,69792.75267696206,48508.406817919495,51529.84561250399,50624.988125826625,29130.140873863053,36609.54958560759,38786.77744603446,28270.772098476627,26425.917085737077,32439.30984081019,31212.04778541847,21209.61014700032,30641.173445203003,44530.33249870127,57393.013963387806,59793.822400328914,109728.0223446593,142778.551748392,1778158.7817482646,218434.60524361266,36089.47961354291,13445.189399308454,7837.090198536645,4616.7424979656125,19.6
401.6101226958018,1166.0119618282822,1403.6811331742956,2113.8134673410905,938.1261479856198,1731.2990026769048,1884.7564953977094,2986.7872478669447,2450.743429516877,5038.912123856484,3575.422553160164,2159.8905298314235,2636.116524849094,5010.035815446151,368.65514773852806,3299.4566925871413,1961.5700793138951,5349.2027226329865,6565.925736183136,3728.170832954671,4322.776672222594,1867.7580139056363,3480.1937191172988,6467.266360300665,1639.8756880463088,2175.2630318971205,4799.931223058497,4651.785422091267,5857.010477038966,4295.166718462105,5857.984670028309,3795.7132438520166,9381.378090703858,6020.631842869094,10188.612827503573,13155.501067513356,3260.9092591252906,7380.02059659784,8835.400260085578,7369.124531262224,10561.138299688791,15947.402067941759,21739.59440938523,9779.955959538265,15056.285050423448,12106.151136864832,10615.209871307263,22302.356340678794,123022.0390676013,25364.49321353173,16447.597758980006,11583.689948048896,11442.606557849487,7761.870089484753,11922.459575315554,20831.703390307564,25578.8618329713,22081.732670913512,24603.882891100566,22577.45869778843,31256.593584218328,31829.701997478227,50901.547820902284,38166.754270694844,56184.758149110305,65799.6833737189,63692.81662421115,98071.05449291864,137758.05948725008,124375.01111496465,209436.0337957085,223483.55173008004,378026.47719803924,488573.1880871549,666581.4558413328,1578816.6926644512,3511093.618415219,1.5769483881884592E7,2.845855485749826E8,7211170.861554821,2409267.7676877636,887185.9060376699,520606.39105061267,388463.45969429053,317487.9640058698,291438.27231191826,1631937.9688156203,2.0080156961019352E7,1817692.008953269,345377.8924679662,224303.15408131905,125095.00116155924,117017.31171093466,95027.09094116355,76269.23005352305,72681.91066724913,35320.17144920043,42839.36538538221,32465.88736466818,36627.92161353222,24340.97093226815,32840.62145555444,33724.359833777075,23817.546380440323,17880.729122185036,18221.06006604999,11150.897351255611,23365.729965653507,20509.651108976726,18075.963360232527,7906.876827598388,17141.876844713664,15456.494350483794,15721.71186410628,10830.243996732373,19653.64821733358,10778.856962318376,8479.86620249049,9816.90543156735,17542.97849549816,14762.503388863071,13756.817789313853,14698.285090371352,21122.069631154107,92773.0139477264,1974961.6229065487,452574.0126067325,97170.54557399538,78489.54937949806,71687.82728301825,65230.80632129109,74209.69896197526,138043.9725185266,225522.5977732777,1983709.1844403981,1.2452091458024949E7,1.5042015347975174E7,323501.94579634705,37091.290992094335,78665.97033351334,347684.30692177895,205837.19079469744,39964.49991702709,125166.75232458003,61668.3329783192,52655.94518761962,758.027053671381,1168.1365134068822,271.06954229239665,489.9674674272128,331.61342301107186,1519.571123657026,1168.8601334239993,748.2331147164961,3003.751929457844,2003.8301149410381,1125.7755520480555,2527.0266202950406,6135.65059532646,13356.133501656941,45011.51732918755,61970.97240965369,112908.27733892044,30902.868277454465,6107.44700317346,6092.130604419051,6615.179625413504,4964.01522825294,3798.7125896342586,1675.7155149890666,1513.493469380582,3231.1112798289546,1479.9258875445087,1952.900105265767,104.86952651219778,4359.477695695293,603.8583524591306,1293.2999778649464,1845.5202442004206,3210.6562245945106,2927.407490812248,460.4726164101035,456.29794454263777,3466.220926686954,5007.093131195925,11347.58944581706,66115.3505498098,857542.711761611,25598.5842973675,12820.461784227999,10034.739035457536,6640.313406854952,19.6
338.37130460542727,639.6778497531121,639.2398821424457,116.32247251191495,2367.360935872056,205.91077747261704,1821.7921107580173,202.28156850808105,5748.215095843499,4443.100222989118,497.30705487666955,2291.380672312768,6855.852983102016,2435.032674797282,3877.9319676079745,1013.5404912276855,1621.8858919176494,21.38183403848031,282.97538876831896,1696.661785342451,4037.222587799952,743.5966789291597,7.7042843986529785,3938.5060717004853,1219.4131400561796,422.0045779803066,2495.172152700472,313.08072027145334,3389.997495889125,1989.1231798735994,917.6051454769248,3373.7160917183874,2033.1962114132584,3945.607381995745,254.46069389321795,4107.550127111542,4522.565270579997,1554.1695013246804,3604.468289886735,692.3640092474482,7956.217254921581,1334.722108088581,5793.788921394405,3938.6080069310538,10607.23999348317,15784.1901985662,3105.433280569281,9543.755134466606,50982.13479374652,2064.212333419319,4914.94174143183,2026.2627953535175,1655.7424858645645,6284.366451120259,3341.7193796810343,8967.956036249752,7694.511610828431,13389.390969199381,10607.176880668918,8537.495660578756,18716.803123261434,16093.436135435462,14439.193443961136,22741.480840647993,17547.269380078757,30284.63417177121,30600.545369621737,42340.591379540834,49421.07851897756,47142.778701723466,89904.49217184773,104868.3437588718,135648.9668220071,191689.68826740963,349755.6218791896,638995.3010569966,1555086.0848265823,9465443.118600518,6.418186021149966E7,3244669.087678231,1024541.8800209044,491656.7146691142,315010.40924166667,181837.87810059634,150634.85408675592,128423.84785985178,25988.072955671596,8285999.696926892,2665.579417873418,43044.31704815091,15120.333766786545,28593.678847312083,18593.589236484215,13782.94078925017,16522.50758351909,9974.979598588714,16657.478743890824,23163.469128391782,12617.324812229948,14451.680341662564,10043.05910168175,16610.845367228285,8962.59648103578,8020.860638977594,16670.79260921062,3517.1071384199668,12424.847181123641,5654.905540399422,11701.330130745622,6125.76433323901,2765.264650546158,2342.1365047243607,5244.876556162903,6357.409678025066,10193.92158954344,2224.799943162346,9483.502397971819,7987.28211283168,17899.95521347435,7522.627472028684,18128.043533862518,15823.928023840488,10783.228906857286,47810.71005952681,102120.82017517588,268169.97010653105,78128.57056481505,3313.0896282123535,23117.920055170194,8691.915003083397,35848.78960557268,24934.197295019887,106818.00110671388,169669.15367102408,3474082.0724901077,992333.787858824,5149410.027070166,529999.2590832118,199144.58960726872,199750.35293148138,319839.1190327505,56070.051836437815,32579.15889846671,113530.26526897137,48275.578738744225,31908.97091335061,12591.882688182402,17398.051873039745,12486.81446481437,16919.339072517905,15619.394328644918,8186.757067872674,8670.233352076773,5141.1316438379545,12479.095336179262,10651.215954247498,5424.6126146252445,11711.549144114952,6979.1931856794445,11022.247615632863,6683.316458398381,19003.586951740963,6930.8726596505785,11582.535513876293,6709.95916604479,9880.567918679026,8921.875248372857,11806.945306609148,8412.140730290012,11074.200345625783,9247.052573925142,2442.6619324518506,8534.373474454078,5847.222090979838,12340.153347054686,3275.5984279439936,8051.719319064848,8062.514420538868,5706.251751211191,20371.605420846423,612.9866026110454,10393.631882970843,5663.902370369806,5035.901759510634,10797.916730626526,3236.394655084917,91514.64313811343,9561.422720851982,13606.748518559194,5244.839767131287,16293.136535776433,15907.683265714477,19.6